highest,rank0,rank1,rank2,rank3
2988621,2690930,2686987,2979408,2988621
7703,7017,4132,7703,5390
5659,5659,3891,4391,2774
5795,5795,4351,4194,2526
7749,7749,3799,4965,2639
5504,5504,4266,3800,2130
6013,6013,4049,4136,2217
5491,5491,4005,3795,2129
5672,5672,3652,4520,2662
5654,5654,4325,4228,2366
5579,5579,4138,3971,2386
5512,5512,4202,4304,2564
5613,5613,4012,3665,2337
5900,5900,3820,4041,2133
5485,5485,3926,4274,2461
5699,5699,4319,4081,2193
5946,5946,4084,4024,2316
5771,5771,3834,4071,2213
5527,5527,3804,4106,2336
8689,8689,5568,5783,3847
5648,5648,3799,4076,2374
5579,5579,4294,4356,2528
5545,5545,3879,3879,2099
5590,5590,3982,3817,2109
5548,5548,4183,3825,2161
5623,5623,3977,3785,2269
5578,5578,4238,3757,2161
5876,5876,4193,4309,2522
5779,5779,3864,4571,2374
5650,5650,3743,3937,2177
5547,5547,3921,3795,2145
5757,5757,3846,4089,2147
5745,5745,4049,3709,2153
6000,6000,3928,3927,2194
5564,5564,3812,3958,2210
5529,5529,4300,3859,2185
5602,5602,3871,4055,2199
5568,5568,4017,3865,2184
5577,5577,3910,3813,2142
5540,5540,3798,4417,2611
5517,5517,3900,3853,2279
5509,5509,4306,4098,2325
6078,6078,4032,3766,2217
5564,5564,3841,3870,2101
5594,5594,3848,3987,2149
5660,5660,3984,4013,2798
5858,5858,3734,4028,2689
5641,5641,4200,3994,2213
5501,5501,3817,3902,2102
5633,5633,3882,3921,2151
5467,5467,3871,3818,2154
5499,5499,3887,4147,2408
5592,5592,3816,4033,2336
5933,5933,3839,3908,2079
5437,5437,3800,4069,2326
5592,5592,4249,4054,2259
5473,5473,3878,3817,2150
5521,5521,4715,3865,2392
5585,5585,3938,3700,2098
5726,5726,4079,3844,2170
5541,5541,4163,3817,2344
5505,5505,4650,3940,2102
5504,5504,3940,3748,2103
5654,5654,3771,3910,2157
5662,5662,3875,3938,2214
5703,5703,3967,4126,2314
5484,5484,3920,3819,2476
5807,5807,4484,3818,2148
5797,5797,4235,3903,2182
5454,5454,3605,4132,2274
5560,5560,3903,3906,2120
5575,5575,4012,4422,2601
5420,5420,3866,3815,2091
5553,5553,4094,4534,2414
5517,5517,3988,3747,2344
5507,5507,4269,3851,2192
5773,5773,4238,3913,2216
5681,5681,4005,4127,2235
5526,5526,4127,4162,2392
5768,5768,3860,4470,2296
5606,5606,3871,4178,2418
5697,5697,4295,4010,2263
5540,5540,3888,3760,2119
5578,5578,3800,3902,2064
5709,5709,3908,4410,2573
5593,5593,4033,3913,2096
5758,5758,3999,3959,2157
6333,6333,4393,4199,2138
5512,5512,3876,3907,2143
5987,5987,3958,3996,2238
5573,5573,4011,3776,2218
5521,5521,3873,3998,2185
5503,5503,3876,3846,2073
5481,5481,4639,3866,2070
5516,5516,3932,3812,2170
5836,5836,3859,3980,2146
5506,5506,3954,3880,2078
5592,5592,4255,3928,2162
5803,5803,3837,3937,2437
5486,5486,4307,3951,2146
5638,5638,3868,4019,2194
5531,5531,3996,3812,2160
5521,5521,4184,3795,2194
5650,5650,3823,3888,2115
5549,5549,4234,3922,2133
5527,5527,4252,4099,2275
5707,5707,3913,3786,2172
5492,5492,3935,3928,2190
5653,5653,3841,3818,2124
5610,5610,4286,3907,2381
5640,5640,3926,3806,2191
5701,5701,4165,3938,2162
5718,5718,3933,4203,2327
5560,5560,3842,3929,2255
5818,5818,3864,3763,2091
5643,5643,4376,4019,2231
5531,5531,3965,3974,2288
5531,5531,3924,3955,2114
5503,5503,3828,3874,2113
5576,5576,3898,3964,2255
5635,5635,3868,3848,2167
5760,5760,4478,3988,2204
5526,5526,3963,3790,2105
5649,5649,3818,4012,2246
5592,5592,3826,4023,2238
5839,5839,4182,3872,2217
5555,5555,3917,3848,2326
5708,5708,3974,4429,2840
5609,5609,4371,4319,2584
5545,5545,4019,4243,2531
5523,5523,3945,3813,2130
5518,5518,3877,3874,2186
5859,5859,3965,4025,2379
5596,5596,4221,4332,2512
5501,5501,3951,3837,2114
5497,5497,4536,3984,2218
5606,5606,4747,3826,2159
5829,5829,3930,4096,2351
5535,5535,3913,4070,2560
5570,5570,3977,4200,2195
5841,5841,4208,3804,2073
6331,6331,4536,3931,2114
5729,5729,3902,3924,2130
6118,6118,4003,4018,2115
5620,5620,3901,3773,2158
5614,5614,3924,3790,2120
5900,5900,4120,4001,2303
6131,6131,4289,4230,2101
5609,5609,4047,4060,2541
5518,5518,3869,3877,2371
5556,5556,3992,3981,2348
5645,5645,4002,4274,2484
5947,5947,4297,3902,2257
5525,5525,4005,4144,2351
5513,5513,3991,3933,2188
5521,5521,3862,4368,2562
6454,6454,3839,3942,1226
5580,5580,3884,3908,2186
5582,5582,3943,3762,2095
5607,5607,3863,3864,2087
5597,5597,3813,4232,2441
5723,5723,4251,4282,2524
5886,5886,4004,4118,2427
5843,5843,3864,4012,2175
5688,5688,3910,3963,2214
5524,5524,3895,4129,2333
5536,5536,3880,3798,2107
6024,6024,4651,4009,2196
5660,5660,4185,3981,2244
5520,5520,3886,4142,2585
5583,5583,3940,4216,2708
5714,5714,3887,4012,2234
5683,5683,3778,4034,2231
5497,5497,4759,4102,2397
5721,5721,4069,3852,2555
6197,6197,3809,4065,2128
5524,5524,3909,3889,2136
5571,5571,3946,3926,2109
5637,5637,3864,3908,2102
5512,5512,3864,3908,2611
5662,5662,4080,4460,2624
5546,5546,3982,4340,2530
5609,5609,3879,4118,2455
5615,5615,4485,3869,2204
5532,5532,3819,3859,3832
5502,5502,3930,4188,2397
5754,5754,4040,3884,2183
5465,5465,3890,4025,2209
5512,5512,3984,3748,2305
5480,5480,4353,3880,2215
5503,5503,3937,3933,2237
5568,5568,3868,3900,2285
5464,5464,4333,3953,2391
5665,5665,3920,3974,2305
5596,5596,3922,5062,2259
5525,5525,4186,4515,2735
5732,5732,4256,3977,2135
5565,5565,4172,4442,2271
5764,5764,3872,3951,2147
5574,5574,4269,3926,2153
5543,5543,3787,4429,2721
5841,5841,4666,4581,2763
5606,5606,3997,4022,2799
5831,5831,4380,3890,2094
5565,5565,3877,3863,2196
5935,5935,4212,4091,2272
5526,5526,3956,4081,2354
5925,5925,3949,4435,2274
5514,5514,4355,3791,2116
5663,5663,4295,3992,2259
6253,6253,3898,3835,2216
5902,5902,3872,4089,2137
5876,5876,4263,4030,2236
5548,5548,3958,4037,2282
5581,5581,3968,4059,2339
5514,5514,4396,3931,2236
5502,5502,3978,4254,2465
5500,5500,3912,4052,2250
5812,5812,4038,3714,2283
5571,5571,3834,3951,2190
6059,6059,4294,3930,2199
5487,5487,4577,4310,2381
5561,5561,3910,4302,2257
5569,5569,3858,3881,2237
5978,5978,4358,4067,2249
5617,5617,4271,3933,2105
5795,5795,4001,4030,2392
5579,5579,4617,3898,2244
5869,5869,3846,3852,2008
5609,5609,4500,4000,2201
5676,5676,3907,4043,2391
5646,5646,3920,3889,2181
5469,5469,3877,3877,2409
5544,5544,4319,4086,2262
5541,5541,3790,4434,2760
5521,5521,4605,3844,2198
6098,6098,3938,4065,2163
5927,5927,4500,4348,2554
5556,5556,3773,4254,2442
5579,5579,3879,3832,2364
5692,5692,4340,3892,2326
5551,5551,4371,3821,2171
5541,5541,3877,4132,2176
5535,5535,4233,4010,2203
6156,6156,4170,4320,2369
5818,5818,3948,4272,2489
5587,5587,3869,4040,2087
5635,5635,3885,3819,2429
5894,5894,4094,3784,2191
5551,5551,4308,4308,2319
5879,5879,3954,3843,2117
5541,5541,3936,3951,2199
5828,5828,4045,3803,2134
5497,5497,3926,3865,2107
5854,5854,4116,3556,2113
5754,5754,4183,4854,2877
5637,5637,4175,4531,2791
5680,5680,4704,4282,2684
5987,5987,3824,3982,2372
5711,5711,4472,3957,2173
5849,5849,3804,3837,2260
5907,5907,3920,3905,2269
5517,5517,4274,3861,2117
5634,5634,4561,4447,2542
5656,5656,3862,3791,2137
5989,5989,3910,3885,2242
5629,5629,3958,4164,2463
5559,5559,3848,4119,2455
5634,5634,4118,3909,2371
5548,5548,4297,3903,2200
5502,5502,3957,3775,2498
6467,6467,4211,4012,2270
6881,6881,3928,3900,2131
5937,5937,3891,3980,2179
5566,5566,4028,3778,2330
5535,5535,4244,4129,2160
5828,5828,3905,3860,1912
5554,5554,4093,3860,2248
5554,5554,4004,3923,2388
5655,5655,4043,3897,2456
6207,6207,4355,3783,2298
6022,6022,3941,4325,2236
5543,5543,3907,3739,2109
6037,6037,3816,3925,2205
5518,5518,3892,3763,2158
5466,5466,4071,3933,2171
5818,5818,4170,4553,2773
5610,5610,3940,4061,2283
5754,5754,4040,4221,2455
5958,5958,4372,3882,2076
5498,5498,3907,3808,2142
5673,5673,4535,3547,2199
5812,5812,4010,3895,2218
5622,5622,3920,3968,2155
5603,5603,3916,3902,2231
5584,5584,4273,4045,2368
5561,5561,4167,4199,2207
5599,5599,3851,4070,2255
5756,5756,4400,3808,2218
5526,5526,3879,4635,3004
5881,5881,3846,3854,2101
5909,5909,4500,4043,2288
5507,5507,3920,4319,2527
5675,5675,3819,3901,2292
5673,5673,4281,4010,2253
5566,5566,4312,3875,2107
5529,5529,3824,3908,2147
5841,5841,3903,3885,2236
6052,6052,3874,3847,2190
5526,5526,3580,4035,2385
5573,5573,3870,4216,2473
5902,5902,4255,3954,2132
5609,5609,4095,3930,2151
5538,5538,3887,4043,2386
5495,5495,3603,3984,2308
5884,5884,4121,4366,2559
5592,5592,4302,3752,2308
5489,5489,4899,4088,2386
5566,5566,4465,3994,2218
5714,5714,3799,4027,2173
5508,5508,3792,3818,2514
5652,5652,3878,3918,2183
5726,5726,4140,3996,2182
5490,5490,4439,4175,2422
5765,5765,3862,3835,2059
5543,5543,3949,3936,2297
5503,5503,3849,4141,2180
5535,5535,3915,3870,2247
5502,5502,3518,4535,2424
5521,5521,4353,3923,2244
7277,6963,7277,795,4984
5487,5487,4803,3853,2222
5551,5551,4183,3872,2120
5662,5662,3841,3902,2545
5877,5877,3946,3775,2259
5662,5662,3898,3884,2404
5546,5546,3854,3843,2170
5601,5601,4375,4032,2226
5671,5671,3884,3983,2308
5568,5568,3900,3799,2157
5793,5793,3849,4452,2496
5799,5799,3923,4279,2147
5561,5561,3791,3842,2196
5521,5521,4419,3808,2425
5523,5523,3840,3815,2158
5573,5573,3929,4235,2480
5695,5695,4318,3709,2096
5778,5778,3884,3981,2209
5609,5609,4276,3869,2195
5549,5549,4274,3991,2096
5706,5706,3966,4170,2269
5665,5665,4132,4057,2244
5538,5538,3877,4228,2474
5556,5556,3921,3760,2247
5606,5606,3971,3773,2346
6031,6031,4239,3862,2211
5767,5767,3819,3859,2081
5600,5600,4052,4556,2807
5521,5521,3874,3823,2142
5483,5483,3851,3832,2204
5541,5541,3807,3777,2418
5533,5533,3941,4037,2270
5522,5522,3881,3888,2246
5508,5508,3977,3921,2094
5772,5772,3813,3813,2139
5874,5874,5028,4052,2236
5930,5930,3912,3776,2199
5517,5517,3854,4375,2633
5749,5749,4299,3781,2641
5952,5952,3888,3761,2330
5548,5548,3843,3972,2237
5531,5531,4277,3882,2264
5803,5803,4143,3905,2094
5594,5594,4314,3900,2161
5529,5529,3813,3882,2111
5598,5598,4062,3979,2166
5507,5507,3940,3909,2185
5523,5523,4342,4070,2413
5541,5541,3968,4294,2616
5578,5578,3879,3869,2316
5545,5545,3938,4246,2569
5454,5454,3888,4029,2254
5613,5613,3781,4343,2608
5638,5638,3842,4473,2634
5610,5610,4211,4388,2704
5592,5592,4468,4444,2283
5605,5605,3880,4103,2333
5505,5505,3849,4281,2099
5816,5816,3855,4255,2260
5505,5505,3823,3884,2115
5579,5579,3869,3793,2143
5927,5927,3997,4521,2313
5535,5535,3875,3872,2229
5665,5665,4328,4286,2498
5754,5754,3933,3710,2109
5538,5538,3988,4024,2226
5526,5526,4239,4104,2318
5517,5517,4317,3956,2101
5581,5581,3863,3803,2269
5558,5558,3871,3994,2367
5558,5558,3997,3889,2292
5541,5541,3968,4272,2458
5627,5627,4241,4251,2508
5535,5535,4612,3793,2110
5690,5690,4215,4319,2018
5551,5551,3869,3964,2157
5571,5571,3867,3890,2563
5502,5502,3930,3963,2213
7155,7155,4228,3837,2157
5560,5560,4706,3976,2343
5502,5502,4281,3809,2143
5591,5591,3817,3804,2104
5620,5620,3996,4055,2206
5776,5776,3877,3992,2195
5517,5517,3823,3879,2250
5645,5645,4337,3915,2247
5999,5999,3874,4277,2539
6013,6013,3908,3898,2142
5538,5538,3855,3781,2099
5519,5519,4031,4043,2637
5656,5656,3860,4012,2084
5512,5512,4281,3803,2161
5897,5897,3818,3790,2129
5723,5723,3854,4129,2222
5587,5587,3921,3900,2129
5533,5533,4310,4111,2349
5744,5744,3937,4366,2779
5611,5611,4421,3785,2124
5604,5604,3956,3827,2107
5462,5462,4256,3737,1988
5876,5876,3869,3790,2456
5484,5484,3920,4363,2272
5650,5650,4007,4088,2334
6047,6047,4358,3791,2194
5503,5503,3895,3745,2091
5568,5568,3984,4506,2721
5934,5934,3874,4118,1834
5851,5851,3968,3879,2143
5564,5564,3940,3819,2709
5731,5731,3954,3971,2215
6082,6082,3859,4592,2774
5874,5874,3963,4017,2239
5510,5510,3973,3793,2178
5559,5559,4277,4383,2548
5842,5842,4203,4241,2474
5942,5942,4318,4271,2522
5632,5632,3891,3774,2201
5541,5541,3818,3933,2367
5535,5535,4289,4188,2397
5759,5759,4155,3946,2226
5495,5495,3879,3977,2264
5575,5575,4365,4060,2379
6236,6236,3813,3956,1616
5452,5452,3882,3978,2236
5957,5957,3781,3839,2207
5628,5628,3831,3933,2116
5863,5863,3888,3971,2295
5489,5489,4393,4284,2509
5538,5538,3953,3701,2730
5851,5851,4264,4252,2223
5643,5643,3831,3903,2155
5645,5645,3987,4192,2447
5503,5503,4279,3753,2222
5828,5828,4055,4368,2504
5691,5691,3793,4205,2232
5701,5701,4360,4107,2332
5523,5523,3925,4041,2377
5769,5769,3879,4037,2249
5885,5885,3819,3884,2265
5548,5548,3993,4115,2381
5604,5604,3826,3860,2105
5593,5593,4246,3930,2168
5519,5519,3672,4729,2634
5525,5525,3986,4360,2651
5521,5521,3987,3903,2267
5512,5512,3668,4142,2392
5507,5507,3836,4062,2114
5517,5517,4277,3836,2230
5470,5470,3875,3805,2196
5744,5744,4133,4197,2356
5895,5895,4060,3918,2132
5549,5549,3864,4063,2331
5510,5510,3900,3781,2389
5648,5648,4439,3851,2302
5734,5734,3605,4174,2245
5591,5591,3836,4142,2447
5702,5702,4034,3928,2142
5800,5800,4395,3887,2178
6093,6093,3671,4309,2259
5576,5576,3994,3944,2270
5609,5609,4477,3961,2331
5703,5703,3872,4233,2427
6106,6106,3878,3831,2148
5526,5526,4337,4228,2186
5968,5968,3865,3790,2239
5632,5632,3827,4027,2237
5963,5963,3968,3763,2381
5556,5556,4075,3924,2125
5512,5512,3928,3865,2170
5732,5732,4228,3991,2222
5698,5698,3926,4381,2442
5528,5528,3905,3852,2161
5833,5833,3959,3694,2211
5512,5512,4291,3849,2234
5502,5502,4707,4071,2300
5658,5658,4508,4361,2223
5512,5512,3918,3722,2124
5609,5609,4188,4113,2306
5587,5587,3860,3752,2311
5760,5760,3844,3991,2150
5515,5515,3839,4323,2567
6392,6392,4557,4487,2627
5744,5744,3933,3851,2165
5957,5957,4448,3860,2193
5515,5515,4169,4144,2227
5551,5551,3905,3838,2194
5886,5886,3847,4114,2280
5505,5505,3872,3898,2094
5687,5687,4222,3891,2157
5546,5546,4297,3837,2277
5584,5584,4014,4294,2542
5991,5991,4066,4029,2218
5546,5546,4612,3570,2175
5862,5862,4228,3852,2240
5526,5526,3897,3975,2208
5709,5709,4256,3959,2109
5510,5510,4473,4684,2561
5868,5868,3794,4195,2529
5523,5523,3958,3811,2287
5495,5495,3943,4197,2493
5802,5802,4228,4188,2457
5614,5614,4646,3943,2060
6471,6471,4277,3877,1899
5775,5775,3804,3970,2211
5548,5548,3809,3895,2141
5995,5995,4281,4696,2524
5508,5508,3902,4001,2234
5530,5530,3888,4450,2648
5559,5559,4300,4104,2165
5569,5569,3954,4025,2219
5499,5499,4340,3879,2099
5647,5647,3806,4236,2468
5652,5652,4198,3793,2700
5566,5566,4574,4361,2229
6145,6145,3872,4170,2406
5578,5578,3931,3872,2300
5600,5600,3831,3921,2191
5536,5536,4101,4142,2336
5876,5876,3938,4224,2003
5582,5582,4160,4157,2400
5566,5566,3859,4171,2587
5556,5556,4175,3895,2226
5531,5531,3844,3987,2160
5534,5534,4783,4305,2679
5568,5568,3906,3806,2246
5533,5533,4038,4296,2486
5765,5765,3791,4246,2154
5577,5577,4001,3832,2194
5610,5610,3905,4009,3125
5912,5912,4181,3868,2281
5746,5746,3895,4319,2144
5568,5568,3867,3926,2125
5538,5538,4070,3813,2165
5644,5644,3887,3908,2176
5634,5634,3844,3982,2063
5983,5983,3943,4208,2374
5495,5495,3841,3814,2135
5772,5772,4274,3840,2186
5492,5492,3823,3891,2150
5998,5998,3944,4648,2845
6098,6098,3938,3844,2170
5612,5612,4330,3949,2161
5520,5520,3907,4178,2437
5526,5526,4294,4126,2363
5559,5559,4377,3782,2185
5539,5539,3827,3921,2249
5686,5686,3877,3843,2201
5564,5564,3946,4226,2496
5549,5549,3872,4319,2165
5704,5704,4451,3899,2194
5884,5884,4200,4009,2120
5487,5487,3844,4255,2531
5625,5625,3849,3884,2137
5735,5735,3877,3920,2229
5929,5929,3880,3906,2199
5533,5533,4312,4005,2255
5548,5548,3985,3729,2307
5535,5535,4724,3992,2193
5589,5589,3883,3862,2169
5543,5543,3605,4029,2272
5483,5483,3804,4533,2450
5583,5583,4098,4275,2555
5519,5519,3809,4272,2516
5584,5584,4396,3809,2142
5696,5696,3838,3847,2240
5512,5512,3832,4449,2213
5747,5747,4250,4355,2414
5849,5849,4343,3865,2217
5513,5513,3880,3936,2127
5582,5582,4286,4368,2486
5480,5480,3884,3811,2156
5520,5520,4340,4024,2415
5922,5922,4857,2747,2852
5482,5482,3936,3772,2091
5817,5817,3859,3940,2171
5481,5481,4235,4026,2305
5690,5690,4052,3890,2333
5554,5554,4217,4057,2399
5626,5626,3864,4107,2152
5538,5538,3907,3790,2120
5952,5952,3906,3823,2308
5493,5493,4322,3832,2296
5668,5668,3847,3973,1990
6017,6017,3798,4103,2239
5651,5651,3880,3851,2183
5632,5632,3813,3880,2119
5876,5876,3853,4261,2160
5503,5503,3887,4028,2227
5568,5568,4320,3747,2204
5491,5491,3961,3763,2387
5625,5625,4080,3823,2289
5496,5496,4604,4371,2120
5909,5909,4065,4017,2219
5739,5739,3944,3986,2341
5637,5637,3830,4291,2548
5656,5656,4138,3997,2157
5447,5447,3918,3875,2124
5998,5998,4261,3991,2204
5821,5821,3894,3834,2017
5602,5602,3925,4111,2323
5788,5788,3785,4066,2203
5612,5612,3905,3915,2292
5869,5869,4212,3920,2287
5688,5688,4675,3998,2204
5910,5910,4263,3832,2124
5858,5858,3892,4203,2163
5649,5649,3886,3795,2152
5607,5607,3979,4124,2194
5772,5772,3811,4393,2567
5517,5517,3847,4454,2715
5477,5477,3839,3984,2221
5856,5856,4483,4068,2234
5713,5713,3799,4469,2274
5609,5609,4314,4111,2202
6115,6115,3851,3855,2259
5512,5512,4254,4025,2236
5622,5622,4328,4134,2166
5578,5578,4277,4325,2577
5495,5495,3860,3818,2170
5513,5513,4086,4055,2328
5581,5581,4218,4093,2340
5607,5607,3911,3895,2237
5533,5533,3947,3814,2449
5555,5555,4363,3821,2105
5512,5512,3885,4065,2245
5579,5579,3741,4017,2226
5618,5618,3979,4314,2213
5974,5974,4270,3981,2128
5527,5527,3809,3804,2361
5503,5503,4297,4313,2471
5703,5703,4156,3888,2004
5790,5790,4212,3881,2160
5520,5520,3855,4423,2702
5601,5601,3870,3849,2237
6028,6028,4220,3876,2448
5531,5531,3945,4001,2270
5908,5908,3974,3704,2171
5626,5626,4096,4381,2593
5710,5710,4063,4120,2313
5476,5476,3842,4327,2560
5527,5527,4273,3797,2188
5602,5602,3880,3995,2330
5612,5612,3875,3839,2382
5916,5916,4617,4139,2446
5708,5708,4223,4145,2264
5609,5609,3812,4786,2847
5727,5727,3911,4162,2237
5585,5585,4444,3811,2125
5543,5543,3912,3979,2227
5588,5588,4399,3839,2148
9462,9462,6542,4276,2529
5718,5718,4378,4117,2323
5854,5854,4148,3931,2195
5734,5734,3864,3986,2206
7962,7962,3853,4007,2458
5586,5586,4564,3820,2156
5652,5652,3823,4710,2895
5640,5640,4370,3973,2185
6030,6030,3846,3885,2090
5629,5629,4104,3845,2066
5790,5790,4317,3940,2182
5724,5724,4207,3959,2392
5658,5658,3930,3838,2075
5563,5563,3869,3887,2089
5895,5895,4223,4138,2158
5497,5497,4240,3832,2181
5579,5579,3898,3839,2354
5675,5675,3908,4080,2320
5661,5661,4147,3893,2205
11883,11883,8431,8433,6693
5519,5519,3926,3776,2681
5662,5662,4280,3960,2170
6144,6144,3869,3763,2359
5623,5623,3743,4031,2209
6024,6024,3877,3883,2202
5535,5535,4335,3692,2031
5575,5575,3895,3796,2143
5451,5451,4314,3775,2120
6064,6064,4211,4037,2046
6074,6074,3987,4434,2639
5556,5556,3816,3823,2198
5592,5592,4030,4488,2688
5503,5503,3905,3944,2208
5582,5582,4322,4121,2324
5723,5723,4094,3713,2822
5512,5512,4047,4186,2380
5529,5529,3859,3898,2172
5588,5588,3841,4040,2276
5585,5585,4930,3832,2307
5982,5982,3839,4308,2467
5939,5939,3879,4340,2209
5569,5569,4323,3892,2267
5573,5573,3849,3971,2205
5536,5536,3852,4384,2557
5751,5751,3869,4498,2392
5998,5998,4068,4134,2494
5925,5925,4329,3903,2134
5644,5644,4594,4607,2564
5673,5673,4458,3705,2132
5828,5828,4032,4042,2401
5615,5615,3981,3850,2168
5484,5484,4080,4024,2422
5485,5485,4344,4072,2140
5882,5882,4244,3786,2307
5542,5542,3849,3785,2202
5945,5945,3826,4442,2623
5675,5675,3994,4311,2158
5632,5632,4037,4619,2503
5522,5522,4817,3688,2335
5579,5579,4274,3885,2252
5774,5774,3936,3916,2074
5669,5669,3816,3994,2148
5549,5549,3817,4449,2659
5573,5573,4493,4023,2179
5723,5723,3921,4078,2312
5548,5548,4008,4548,2281
6057,6057,4395,4053,2203
5555,5555,3872,3849,2158
5535,5535,3857,4310,2541
5589,5589,4267,4103,2384
5793,5793,3896,3809,2610
5643,5643,3823,3935,2181
5887,5887,3907,3846,2336
5503,5503,4020,3943,2105
5510,5510,3976,3824,2145
5510,5510,4274,4073,2212
5706,5706,4211,3849,2198
5543,5543,4243,3961,2147
5524,5524,3878,3918,2096
5530,5530,4004,4011,2339
5573,5573,3836,3863,2277
5480,5480,4464,3937,2363
6016,6016,4036,3732,2128
5902,5902,3944,4310,2537
5771,5771,3860,3794,2155
5557,5557,4182,3926,2070
5496,5496,3879,4095,2586
5599,5599,4142,4676,2613
5578,5578,3929,4366,2577
5631,5631,4357,3902,2121
5618,5618,3832,3944,2343
5695,5695,4024,4351,2636
5833,5833,3893,3924,2297
5540,5540,4311,3780,2189
5561,5561,4360,4284,2524
5442,5442,4517,4205,2088
5638,5638,3900,3902,2155
5556,5556,3928,3997,2219
5508,5508,3970,3723,2132
5659,5659,3853,4019,2203
5622,5622,3939,4087,2106
5623,5623,4294,3836,2092
5542,5542,4377,4001,2346
5803,5803,3948,3913,2211
5711,5711,3849,3819,2213
5555,5555,4129,3933,2128
5552,5552,4324,3805,2360
5630,5630,4337,3961,2202
5691,5691,3849,3915,1964
5501,5501,3901,4174,2421
5891,5891,3793,4137,2397
5932,5932,3875,4076,2249
5804,5804,3779,3920,2363
5563,5563,3971,4097,2279
5513,5513,4252,3836,2138
5541,5541,3823,4382,2549
5483,5483,3900,3888,2135
5501,5501,3828,3826,2138
5905,5905,3831,3788,2231
5565,5565,3809,3965,2189
5547,5547,3826,4236,2486
5448,5448,3893,3846,2127
5514,5514,3943,3865,2112
5593,5593,4271,4120,2381
5708,5708,3908,3862,2036
5462,5462,3813,4238,2504
5704,5704,3846,3946,2363
5585,5585,3959,4047,2198
5570,5570,3845,3792,2300
5470,5470,4125,4231,2527
5530,5530,3970,4314,2596
5688,5688,3796,3916,2146
5645,5645,3827,3808,2128
5701,5701,3906,4152,2456
5820,5820,4228,3826,2460
5727,5700,2461,5727,3934
5549,5549,3888,3782,2235
5659,5659,4052,4104,2317
5718,5718,3966,4034,2250
7467,7467,3938,3994,2197
5679,5679,3838,4024,2105
5471,5471,3891,3941,2160
5512,5512,3855,3813,2517
5436,5436,4347,3951,2190
5464,5464,4327,3810,2125
5748,5748,3938,3895,2250
5526,5526,4109,4025,2519
5599,5599,3876,4329,2196
5462,5462,4260,4261,2527
5597,5597,4240,4083,2336
5501,5501,4232,4213,2445
5739,5739,4035,4053,2200
5546,5546,3895,3773,2109
5530,5530,4239,3902,2178
7592,7592,4544,4384,751
5576,5576,4202,3834,2185
5688,5688,3839,3892,2052
5503,5503,4264,3985,2191
5547,5547,3879,3796,2225
5801,5801,3847,4558,2758
5816,5816,3873,3879,2121
5523,5523,3892,4283,2619
5599,5599,3993,3940,2336
5504,5504,4370,3940,2471
5497,5497,3709,4106,2307
5614,5614,3842,3842,2213
5646,5646,3965,3790,2247
5523,5523,3859,3971,2158
5577,5577,3868,3813,2176
5566,5566,4535,3781,2475
5476,5476,3972,4127,2174
5657,5657,4226,3863,2257
5823,5823,3895,4016,2244
5566,5566,3877,3793,2123
5873,5873,3866,3817,2194
5530,5530,4225,4007,2206
5489,5489,3898,3762,2207
5616,5616,4006,3971,2289
5531,5531,3892,3836,2118
5556,5556,4024,3852,2214
5616,5616,3835,4291,2504
5531,5531,4421,3898,2272
5507,5507,3809,4404,2299
5562,5562,3753,3961,2260
5643,5643,4232,4005,2204
5534,5534,3925,3880,2161
5469,5469,4007,3784,2330
5484,5484,4219,4132,2347
6087,6087,3968,4165,2061
5926,5926,3872,3976,2233
5461,5461,3827,4319,2546
5497,5497,3787,4066,2245
5658,5540,3837,5658,2132
5517,5517,3951,3983,2283
5543,5543,3985,4038,2275
5447,5447,4148,3720,2082
5538,5538,3872,3918,2237
5563,5563,4565,4016,2215
5497,5497,3835,4053,2283
5510,5510,4172,3886,2481
5552,5552,3814,3774,2310
5872,5872,3862,4288,2527
5571,5571,3920,3836,2157
5505,5505,4549,4323,2247
5654,5654,3881,3996,2113
5538,5538,3880,3891,2204
5712,5712,4292,4156,2170
5540,5540,4248,3837,2164
5919,5919,3968,3697,2188
5450,5450,4399,3927,2239
5490,5490,3869,3750,2152
5588,5588,4174,4047,2300
5468,5468,3816,3830,2189
5495,5495,3987,4109,2082
5793,5793,3819,4435,2670
5778,5778,3784,4521,2735
5552,5552,4265,3888,2112
5483,5483,4533,4339,2352
5506,5506,3861,3869,2333
5474,5474,3869,4266,2497
5652,5652,4528,4231,2320
5738,5738,4035,4059,2086
5938,5938,4274,3845,2120
5568,5568,4287,4057,2214
5475,5475,3895,3948,2190
5503,5503,4047,3958,2179
5955,5955,4262,3758,2148
5564,5564,3863,4020,2194
5476,5476,3875,4158,2391
5501,5501,4356,3858,2133
5493,5493,3854,4027,2267
5540,5540,3884,3919,2290
5958,5958,3807,4465,2721
5538,5538,3824,3940,2149
5527,5527,3806,3832,2744
5619,5619,4228,3855,2208
5858,5858,3891,3870,1909
5773,5773,3889,4308,2517
5493,5493,3924,3819,2046
5543,5543,3958,3983,2219
5846,5846,3822,3846,2223
5872,5872,3868,4014,2260
5519,5519,3958,3951,2066
5633,5633,3847,3921,2119
5909,5909,3902,3944,2200
5509,5509,3936,3905,2293
5509,5509,3904,4005,2226
5577,5577,3757,3958,2211
5890,5890,3857,3776,2365
5519,5519,3915,3873,2086
5449,5449,3836,3773,2141
5501,5501,4536,3919,2415
5722,5722,3878,3806,2046
5529,5529,3832,3803,2132
5444,5444,3852,3809,2115
5554,5554,4342,4042,2343
5455,5455,3851,3827,2205
5492,5492,4331,4070,2225
5523,5523,4041,3753,2145
5478,5478,3964,3961,2212
5528,5528,3814,3947,2155
5634,5634,4522,3503,2301
5460,5460,4030,4666,2708
5500,5500,4557,4443,2426
5622,5622,4164,3824,2181
5627,5627,3809,3788,2138
5461,5461,4172,3931,2159
5836,5836,4380,3862,2751
5658,5658,4288,4436,2514
5490,5490,3918,3808,2137
5539,5539,3953,3842,2218
5526,5526,4614,4083,2297
5500,5500,3875,3939,2140
5464,5464,3882,3900,2454
5494,5494,4073,3669,2080
5518,5518,3807,4121,2339
5517,5517,4931,4347,2585
5493,5493,4254,4030,2264
5526,5526,3834,3809,2227
5540,5540,3806,4004,2349
5602,5602,3949,4043,2129
5596,5596,3955,4183,2352
5530,5530,3970,4489,2280
5477,5477,4225,4024,2244
5816,5816,3849,4099,2260
5469,5469,4053,4221,2411
5658,5658,3855,3991,2216
5493,5493,3820,4059,2255
5592,5592,3882,3897,2181
5543,5543,4314,3921,2267
5420,5420,3935,4130,2459
5581,5581,4251,3829,2098
5602,5602,4095,3966,2508
5491,5491,3911,4396,2323
5520,5520,3849,4256,2500
5560,5560,3795,4011,2204
5546,5546,4062,3676,2129
5553,5553,4294,4126,2174
5476,5476,3873,4165,2118
5788,5788,3885,3849,2165
5645,5645,3858,4681,2756
5490,5490,4172,3795,2139
5522,5522,3876,3984,2130
5470,5470,4911,3908,2217
5558,5558,3852,3772,2122
5519,5519,4097,4288,2664
5677,5677,3893,4133,2150
5596,5596,4192,3921,2161
5854,5854,4233,3836,2237
5701,5701,4340,3811,2150
5589,5589,3857,3836,2256
5552,5552,4221,4360,2613
5537,5537,4084,3825,2181
5492,5492,3855,3832,2202
5480,5480,3859,3956,2615
5564,5564,4248,4232,2445
6084,6084,4104,4043,1670
5653,5653,3819,4001,2254
5566,5566,3860,3970,2218
5513,5513,4017,3853,2181
5541,5541,4126,3921,2173
5888,5888,3921,3947,2237
5774,5774,3851,3749,2164
5635,5635,3837,3799,2171
5536,5536,3660,4066,2267
5495,5495,4354,3928,2532
5468,5468,3832,3969,2224
5566,5566,3838,4070,2315
5569,5569,4000,4235,2478
5500,5500,3851,3905,2168
5532,5532,3882,3815,2138
5591,5591,4297,4372,2580
5739,5739,3921,4170,2245
5704,5704,3908,3991,2125
5510,5510,3823,3773,2169
5499,5499,3862,3996,2274
5461,5461,3854,4470,2695
5640,5640,4369,3991,2284
5873,5873,3944,3826,2152
5653,5653,3865,3840,2185
5634,5634,4160,3799,2194
5519,5519,4030,4014,2138
5487,5487,3787,4350,2598
5579,5579,3887,4370,2674
5641,5641,3849,3746,2155
5534,5534,4498,4353,2207
5596,5596,3854,3801,2132
6402,6402,3836,3985,2307
5609,5609,3801,3909,2352
5681,5681,3923,4073,2211
5668,5668,3823,4004,2228
5625,5625,4699,3883,2221
5939,5939,3939,3844,2202
5534,5534,3925,4033,2266
5480,5480,3921,3717,2281
5514,5514,3832,3910,2211
5850,5850,4297,3804,2371
5897,5897,4327,3906,2102
5505,5505,3696,4157,2386
5575,5575,4526,4412,2657
5622,5622,3859,3833,2211
5733,5733,3916,3961,2143
5502,5502,4329,4327,2580
5694,5694,4208,4125,2303
5880,5880,3933,3857,2042
6302,6302,3817,4046,2265
5635,5635,3854,4017,2270
5528,5528,4459,4118,2195
5500,5500,3861,4125,2357
5542,5542,3931,4057,2411
5567,5567,3870,3857,2157
5522,5522,4320,4212,2595
5627,5627,4098,3886,2119
5640,5640,3879,3823,2130
5853,5853,3862,4129,2368
5694,5694,3819,4121,2209
5681,5681,3925,4340,2504
5513,5513,3682,4396,2316
5933,5933,3833,4205,2439
5599,5599,4277,3897,2172
5718,5718,3884,3814,2049
5457,5457,3850,3945,2129
5512,5512,3879,3766,2133
5541,5541,3921,4423,2545
5448,5448,3777,3910,2277
5481,5481,4409,4099,2301
5589,5589,3904,4168,2473
5481,5481,3836,4310,2546
5670,5670,3864,4027,2184
5662,5662,4010,3954,2256
5474,5474,3843,3893,2650
5513,5513,4554,3833,2359
5618,5618,3925,3859,2054
5692,5692,3799,3939,2159
5536,5536,3954,3826,2113
5584,5584,3813,4379,2410
5671,5671,3948,4030,2092
5512,5512,3816,3831,2125
5806,5806,3855,3818,2081
5799,5799,4195,3826,2127
5487,5487,3833,3895,2283
5632,5632,3915,3946,2237
5549,5549,3937,3727,2184
5903,5903,3828,3987,2191
5488,5488,3823,4211,2453
5503,5503,4271,3912,2146
5477,5477,3860,3799,2228
6323,6323,3836,4158,2425
8367,8367,5240,4451,2685
5603,5603,3893,4061,2247
5496,5496,3717,4078,2422
5573,5573,4324,3847,2162
5710,5710,4044,3985,2045
5744,5744,4614,3971,2175
5492,5492,3881,3851,2150
5559,5559,3957,3904,2208
5629,5629,3927,3786,2289
5629,5629,4782,3921,2244
5471,5471,3959,3730,2340
5502,5502,4241,4356,2633
5582,5582,4126,4070,2419
5508,5508,3934,4029,2209
5918,5918,3951,4072,2287
5670,5670,3823,3911,2161
5540,5540,3993,4174,2162
6027,6027,4182,3859,2168
5563,5563,3898,3952,2191
5566,5566,4178,3905,2132
6116,6116,4646,3892,2241
5590,5590,3826,4086,2298
5886,5886,3972,3823,2198
5493,5493,4321,3928,2083
5589,5589,3836,3814,2103
5606,5606,4244,3840,2211
5494,5494,3919,3694,2127
5611,5611,4218,3931,2152
5481,5481,3847,3781,2086
5501,5501,4394,3830,2165
5634,5634,3857,4416,2628
5513,5513,3820,3918,2216
5566,5566,4218,4020,2171
5832,5832,3831,3856,2201
5662,5662,3849,3760,2346
5536,5536,4300,3975,2131
6076,6076,3850,3863,2056
5646,5646,3864,3981,2218
5826,5826,3857,3861,2273
5888,5888,3818,3935,2280
5520,5520,4020,3970,2165
5504,5504,3884,4109,2356
5586,5586,3845,3826,2218
5462,5462,4106,4132,2297
5666,5666,4136,3800,2133
5522,5522,4580,4024,2183
5870,5870,3857,3878,2267
5511,5511,3781,3947,2564
5498,5498,3915,4241,2487
5503,5503,3931,3938,2254
5428,5428,3902,3822,2194
5645,5645,4293,3989,2185
5717,5717,3954,3878,2076
5500,5500,3948,4297,2143
5668,5668,4156,3899,2160
5522,5522,4399,3994,2224
5525,5525,3908,3790,2234
5484,5484,4291,3967,2274
5454,5454,3910,4528,2195
5477,5477,3872,3930,2168
5896,5896,3839,3817,2221
5626,5626,3998,4017,2191
5559,5559,4040,4276,2501
5553,5553,3924,4841,3114
5560,5560,3875,4084,2452
5695,5695,4023,4660,2536
5579,5579,3908,3878,2187
5595,5595,3954,3786,2181
5644,5644,4178,3879,2312
5546,5546,4304,3911,2124
5547,5547,4277,3888,2112
5642,5642,4293,3936,2183
5510,5510,3892,3762,2167
5474,5474,4040,4254,2496
5615,5615,3994,3770,2102
5543,5543,4020,3735,2200
5480,5480,4010,4124,2516
5459,5459,4743,3816,2115
5486,5486,3559,4175,2389
5556,5556,4146,4104,2272
5602,5602,3882,3964,2207
5477,5477,3918,4228,2428
5586,5586,3832,4135,2508
5613,5613,4294,3810,2293
5852,5852,3913,3876,1945
5883,5883,3974,4078,2315
5507,5507,3823,3789,2265
5762,5762,3883,3945,2166
5518,5518,3851,4036,2286
5525,5525,4258,4063,2260
5813,5813,3932,4022,2152
5545,5545,3835,4021,2206
5510,5510,3915,4726,2913
5507,5507,3806,3851,2102
5536,5536,3850,3832,2234
5549,5549,3885,4346,2522
5509,5509,3915,4251,2495
5569,5569,3846,4411,2627
5450,5450,3841,3777,2141
5913,5913,4670,4018,2211
6211,6211,3617,4200,2220
5505,5505,3840,3885,2160
5502,5502,3747,4007,2258
5553,5553,4254,3915,2204
5615,5615,3880,3824,2188
5454,5454,4281,4016,2226
5642,5642,3897,3776,2167
5704,5704,3974,3864,2215
5526,5526,3826,3884,2346
5488,5488,3984,3959,2141
5549,5549,3832,3837,2418
5473,5473,4175,4361,2778
5487,5487,3984,4300,2118
5453,5453,3774,3892,2129
5640,5640,3902,3806,2023
5645,5645,3862,4264,2478
5997,5997,3839,4056,2123
5541,5541,3880,3826,2140
5609,5609,4274,3944,2163
5829,5829,4574,3965,2127
5545,5545,3873,3777,2203
5623,5623,3900,4429,2676
5513,5513,3931,3869,2138
5712,5712,3819,3873,2578
5624,5624,4025,3781,2305
5550,5550,4198,4132,2379
5502,5502,4407,3808,2244
5530,5530,3829,4070,2305
5708,5708,4534,3742,2144
6051,6051,3877,3961,2265
5625,5625,3985,3839,2204
5651,5651,4600,4393,2583
5698,5698,3839,3925,1983
5499,5499,4297,3904,2151
5517,5517,3958,4038,2314
5490,5490,3912,3895,2270
5592,5592,3776,4627,2880
6027,6027,2597,5726,3941
5484,5484,3915,3704,2367
5810,5810,4452,4251,2415
5614,5614,4179,3825,2142
7148,7148,3987,4010,2283
5548,5548,4113,3852,2303
5635,5635,3852,3973,2213
5497,5497,3859,3946,2150
5447,5447,4274,4054,2133
5546,5546,3878,3764,2413
5958,5958,3862,4017,2178
5663,5663,3912,3826,2250
5834,5834,3850,3912,2294
5673,5673,3974,4242,2402
5742,5742,4319,3915,2145
5453,5453,4628,3879,2634
5476,5476,3968,3855,2206
5917,5917,3677,3948,2270
5496,5496,3952,3818,2162
7586,5829,3602,7586,5846
5907,5907,3994,4083,2316
5623,5623,3790,4164,2553
5510,5510,3799,4475,2660
5470,5470,4294,3747,2107
5486,5486,3911,3906,2182
5615,5615,3951,3791,2356
5630,5630,4184,4340,2506
5718,5718,3843,3879,2046
5768,5768,3842,3990,2297
5577,5577,4064,3804,2117
5607,5607,4188,4346,2525
5537,5537,3879,3826,2197
5489,5489,4333,3975,2276
5595,5595,3877,3734,2371
5468,5468,4039,4060,2241
5557,5557,4226,4102,2090
5481,5481,4507,3931,2158
5531,5531,3865,3858,2200
5552,5552,4483,4029,2207
5475,5475,4063,4745,2998
5500,5500,3908,3911,2104
5555,5555,3823,3909,2210
5606,5606,4188,4031,2161
5790,5790,4146,4163,2300
5493,5493,3951,3984,2185
5671,5671,3816,3873,2086
5543,5543,4171,3951,2287
5473,5473,3872,3882,2131
5478,5478,4319,3885,2178
5522,5522,3964,4067,2354
5457,5457,4192,3977,2203
5461,5461,3863,3780,2136
5465,5465,3874,4299,2477
5589,5589,3840,4310,2551
5513,5513,4137,4737,3269
5501,5501,4124,4337,2613
5583,5583,4383,4047,2292
5572,5572,3865,4375,3760
5576,5576,4070,3701,2096
5752,5752,3875,4287,2390
5455,5455,3864,3895,2163
5543,5543,3826,4162,2359
5521,5521,4867,4538,2662
5540,5540,3974,4323,2250
5623,5623,3880,3979,2333
5596,5596,3615,4001,2297
5593,5593,4062,3918,2112
5466,5466,4327,3915,2199
5480,5480,4273,4034,2221
5656,5656,3813,3850,2351
5679,5679,4195,4764,2900
5619,5619,4109,3692,2138
5517,5517,3804,3958,2200
5579,5579,3847,3810,2421
5642,5642,4548,4031,2163
5805,5805,3973,4000,2053
5535,5535,3858,4248,2455
5836,5836,3879,3879,2254
5523,5523,4231,3832,2166
5610,5610,3935,4545,2518
5556,5556,4186,4551,2292
5470,5470,4144,3864,2159
5563,5563,3827,3953,2154
5497,5497,3852,3925,2160
5497,5497,3821,3898,2111
5620,5620,3988,3753,2167
5567,5567,3849,3972,2230
5512,5512,4010,3815,2408
5507,5507,4416,3891,2125
5485,5485,3823,3814,2106
5665,5665,4192,4252,2363
5701,5701,3872,3912,2059
5611,5611,3823,3940,2147
5743,5743,4050,3831,2135
5546,5546,4294,3922,2167
5519,5519,3854,3794,2206
5493,5493,4410,4327,2478
5484,5484,3874,3790,2353
5673,5673,4125,4396,2588
5625,5625,3865,3819,2129
5517,5517,3969,4021,2137
5570,5570,3989,3805,2883
5439,5439,4311,3905,2112
5506,5506,3977,3758,2072
5553,5553,3983,4254,2475
5408,5408,3837,4099,2356
5635,5635,3876,4241,2183
5922,5922,3855,3994,2015
5475,5475,3815,4158,2476
6317,6317,4128,4601,2566
5867,5867,4197,3885,2161
5971,5971,3887,3799,2152
5879,5879,3932,3945,2338
5540,5540,3917,4084,2306
5860,5860,3902,4207,2155
5503,5503,3885,4195,2435
5498,5498,4223,3906,2143
5538,5538,4103,4671,2896
5549,5549,3798,3941,2336
5527,5527,4441,3812,2191
5568,5568,4176,3961,2295
5549,5549,3931,3773,2204
5635,5635,4343,4232,2461
5692,5692,3866,3913,2007
5446,5446,3816,3765,2116
5585,5585,4208,3783,2155
5529,5529,4277,3890,2494
5512,5512,4009,3895,2134
5472,5472,4287,4077,2409
5565,5565,3891,3769,2343
5486,5486,4215,4149,2107
5693,5693,3892,3915,2168
5576,5576,3837,4291,2545
5550,5550,4233,4083,2324
5501,5501,3846,4552,2767
5868,5868,4262,3894,2103
5518,5518,4310,3961,2167
5475,5475,3905,3783,2157
5655,5655,3926,4047,2178
5754,5754,4391,3896,2274
6818,6818,4331,3922,2201
5631,5631,3799,3914,2218
5582,5582,4323,3849,2412
5549,5549,3787,3866,2106
5615,5615,3913,3860,2207
5595,5595,3844,3751,2148
5525,5525,3944,3984,2256
5592,5592,3859,3885,2114
5544,5544,4334,3831,2059
5483,5483,3874,3991,2290
5552,5552,4327,3793,2283
5627,5627,3885,3854,2115
5498,5498,3820,4338,2577
5465,5465,3944,4165,2451
5671,5671,4203,3806,2068
5724,5724,3773,3858,3803
5701,5701,3826,3770,2181
5774,5774,3855,3824,2129
5520,5520,3762,3768,2175
5542,5542,3549,4252,2517
5744,5744,3886,4131,2394
5514,5514,3879,3872,2155
5598,5598,3983,3849,2074
5641,5641,3851,3760,1852
5559,5559,4207,3892,2145
5556,5556,3799,3794,2227
5541,5541,3705,4038,2250
5524,5524,3878,3740,2232
5434,5434,3852,3843,2130
5612,5612,3806,3783,2158
5622,5622,4202,3969,2214
5822,5822,3804,4205,2336
5573,5573,3817,3851,2162
5858,5858,3786,3864,2152
5471,5471,3783,3770,2124
5509,5509,3924,3754,2192
5607,5607,4393,3963,2246
5569,5569,3843,3678,2120
5892,5892,3849,3795,2153
5515,5515,3848,4019,2293
5447,5447,3804,4251,2572
5523,5523,3797,4150,2442
5599,5599,3915,4490,2681
5447,5447,3961,3856,2175
5439,5439,4347,3994,2250
5590,5590,3816,3766,2166
5585,5585,3849,3808,2168
5675,5675,3852,4251,2347
5526,5526,4291,3812,2074
5478,5478,3599,4096,2360
5473,5473,4264,3915,2168
5510,5510,3864,3881,2129
5506,5506,3952,3954,2256
5542,5542,3951,3714,2186
5628,5517,3836,5628,2179
5503,5503,3890,3793,2055
5489,5489,4210,3874,2187
5474,5474,3622,4049,2335
5603,5603,3774,3882,2258
5470,5470,3895,3780,2104
5499,5499,3826,3890,2131
5497,5497,3885,4185,2422
5777,5777,4472,3818,2142
5695,5695,3866,4470,2192
5526,5526,3751,3935,2113
5606,5606,3854,3859,2143
5529,5529,3838,3864,2237
5955,5955,4196,3799,2143
5536,5536,4254,3981,2246
5508,5508,3921,3720,2099
5566,5566,3826,3894,2117
5499,5499,4007,3740,2132
5643,5643,4009,3994,2174
5493,5493,3839,3796,2478
5500,5500,4208,3879,2216
5498,5498,3908,4220,2494
5521,5521,3855,3813,2122
5498,5498,3836,3905,2139
5552,5552,3815,3872,2092
5704,5704,4035,3831,1990
5449,5449,4185,3912,2188
5648,5648,3745,3964,2318
5721,5721,3843,3882,2105
5698,5698,3809,3772,2099
5467,5467,4024,4001,2194
5532,5532,3895,3687,2131
5517,5517,4243,4020,2201
5540,5540,3852,3757,2085
5533,5533,3972,3860,2146
5503,5503,3819,3796,2408
5500,5500,3813,3935,2163
5543,5543,3937,3803,2091
5983,5983,4235,3827,2188
5457,5457,3820,3805,2115
5565,5565,3843,3925,2160
5679,5679,3796,3899,1963
5498,5498,3777,4318,2232
5596,5596,3872,3783,2106
5660,5660,3804,3934,2079
5474,5474,3875,3805,2073
5501,5501,3832,3965,2227
5637,5637,3854,3707,2117
5581,5581,4261,3780,2147
5477,5477,4060,4178,2417
5581,5581,4489,3835,2096
5523,5523,3855,3757,2264
5526,5526,3689,4035,2263
5501,5501,3662,4037,2260
5497,5497,3930,3868,2198
5469,5469,3799,3790,2192
5528,5528,4506,4192,2405
5925,5925,3829,3921,2028
5459,5459,3813,3855,2089
5620,5620,3838,3836,2198
5474,5474,3813,3779,2136
5497,5497,3773,3772,2158
5530,5530,4304,3977,2203
5517,5517,3892,4141,2511
5513,5513,4247,3823,2143
5473,5473,3635,4057,2291
5623,5623,3805,3867,2137
5513,5513,3697,4063,2381
5518,5518,3877,4023,2257
5808,5808,4211,4153,2403
5912,5912,4202,3845,2119
5501,5501,3944,3918,2129
5572,5572,3815,3986,2308
5842,5842,3860,4198,2294
5589,5589,3814,3855,2114
5576,5576,4024,3826,2099
5721,5721,4300,3861,2104
6051,6051,3831,3767,2130
5507,5507,3651,4035,2331
5480,5480,3998,3815,2149
6020,6020,4020,3888,2182
5529,5529,3851,3865,2115
5592,5592,4238,4301,2566
5485,5485,3693,4057,2322
5606,5606,4544,3906,2283
5522,5522,3937,3884,2294
5503,5503,3793,3882,2141
5609,5609,4006,4323,2586
5549,5549,4221,3842,2089
5805,5805,3803,3855,2064
5484,5484,3585,3956,2242
5747,5747,3808,3848,2125
5613,5613,3783,3855,2173
5515,5515,3842,3832,2133
5493,5493,3832,4268,2531
5701,5701,4025,3794,2231
5472,5472,3813,3924,2247
5498,5498,3786,3829,2052
5519,5519,4139,3984,2202
5678,5678,3812,3762,2320
5690,5690,3780,4170,2363
5491,5491,3773,4198,2458
5507,5507,3899,3885,2141
5576,5576,3788,3812,2170
5562,5562,4223,4009,2241
5728,5728,4048,3922,1974
5724,5724,3832,3885,2112
5534,5534,3793,4143,2398
5689,5689,3839,3799,2141
5500,5500,3827,3882,2163
5524,5524,4248,4040,2296
5650,5650,4030,4051,2364
5642,5642,3733,4045,2310
5691,5691,3773,3814,2161
5507,5507,3905,4056,2265
5481,5481,3882,3791,2405
5565,5565,3721,4350,2583
5513,5513,3923,3838,2164
5474,5474,4223,3987,2291
5507,5507,3734,3892,2205
5579,5579,3894,3875,2149
5724,5724,3707,4308,2385
5474,5474,3869,4182,2397
5546,5546,3875,3779,2086
5563,5563,4215,3915,2240
5467,5467,3487,4245,2494
5602,5602,4417,5162,3520
5725,5725,3892,3974,2293
5682,5682,4508,3929,2336
5579,5579,3898,3784,2170
5525,5525,4240,3798,2152
5619,5619,3828,4121,2381
5545,5545,4554,3885,2237
5533,5533,3954,4098,2343
5470,5470,3859,3779,2120
5514,5514,3798,3772,2295
5589,5589,4212,4140,2310
5658,5658,4119,3865,2415
5536,5536,3928,4065,2082
5596,5596,3876,3768,2138
5479,5479,3761,4205,2396
5974,5974,4188,3756,2130
5493,5493,4356,3911,2277
5622,5622,4024,3689,2127
5586,5586,3892,3812,2366
5955,5955,3721,3924,2133
5477,5477,3958,3839,2610
5540,5540,3780,3784,2399
6243,6243,4132,3980,2145
5577,5577,3921,4189,2421
5497,5497,3829,3828,2141
5998,5998,3840,3774,2122
5538,5538,3806,3895,2115
5941,5941,3865,3800,2040
5515,5515,4264,3968,2060
5607,5607,3981,3930,2158
5549,5549,3848,3854,2132
5472,5472,3871,3859,2125
5546,5546,3933,3964,2307
5553,5553,3876,3730,2316
5530,5530,4025,4054,2354
5480,5480,3634,4231,2462
5498,5498,3968,3714,2106
5721,5721,3892,3740,2664
5513,5513,3496,4167,2389
5474,5474,4009,3801,2181
6015,6015,4181,3834,2181
5549,5549,3807,3832,2198
5655,5655,4300,3987,2318
5711,5711,3848,3944,2033
5498,5498,4209,4051,2270
5737,5737,3835,3775,2147
5486,5486,3775,3786,2122
5645,5645,3892,4194,2437
5477,5477,3907,3902,2245
5539,5539,3889,3702,2199
5537,5537,3832,3892,2103
5502,5502,3806,3769,2299
5457,5457,4227,3927,2174
5940,5940,3954,3754,2224
5853,5853,3843,3836,2181
5511,5511,3836,3829,2091
5518,5518,3717,4113,2295
5756,5756,3500,4083,2367
5544,5544,4244,3852,2146
6249,6249,3906,3898,1960
5530,5530,4112,4041,2303
5763,5763,4132,3811,2136
5592,5592,3829,3882,2114
5516,5516,3870,4129,2502
5470,5470,4080,4294,2591
5565,5565,3970,4045,2358
6051,6051,4220,3879,2133
5517,5517,3813,3749,2198
5496,5496,3808,3928,2173
5658,5658,3891,3981,2225
5589,5589,3750,4024,2254
5842,5842,3918,3809,2091
5586,5586,4241,3872,2130
5476,5476,3852,3973,2349
5659,5659,3879,3807,2065
6030,6030,3794,4284,2396
5554,5554,3799,3855,2228
5671,5671,3856,3860,2061
5492,5492,4235,3945,2148
5503,5503,3902,3898,2181
5634,5634,3919,3959,2322
5592,5592,3882,3764,2105
5470,5470,3830,3937,2171
5488,5488,3816,3778,2074
5636,5636,4182,3849,1998
5508,5508,3907,3679,2197
5604,5604,3750,3987,2148
5807,5807,3885,3867,2142
5510,5510,3829,3819,2099
5507,5507,3869,3775,2361
5540,5540,4180,3970,2201
5724,5724,3885,3923,1972
7673,7673,4417,4205,2448
5520,5520,4155,4332,2594
5513,5513,3788,4352,2559
5561,5561,4344,3701,2138
5846,5846,3905,3964,2263
5596,5596,3935,3701,2142
5465,5465,4129,4020,2372
5559,5559,3813,3857,2213
5473,5473,4201,3891,2128
5576,5576,3815,3974,2172
5529,5529,3740,3931,2173
5487,5487,3869,3805,2451
5526,5526,3854,3803,2185
5612,5612,3903,3738,1948
5514,5514,4202,3857,2086
5662,5662,3836,3912,2034
5509,5509,3879,3941,2160
5535,5535,3756,3777,2129
5531,5531,3784,3865,2136
6022,6022,3858,3867,2140
7273,7273,4406,4303,742
5474,5474,3895,3694,2114
5590,5590,3801,3864,2128
5634,5634,3826,4004,2243
5522,5522,3968,3811,2128
5517,5517,3865,3846,2307
5493,5493,3968,4684,2934
5527,5527,4081,4107,2487
5619,5619,4219,4174,2512
5487,5487,4003,4022,2266
5537,5537,3991,3796,2197
5746,5746,4237,3961,2176
5503,5503,3849,3925,2162
5534,5534,3865,3878,2139
5548,5548,4654,3905,2194
5484,5484,3837,3856,2138
5518,5518,3929,3977,2230
5599,5599,3976,3708,2158
5588,5588,3847,3872,2238
5568,5568,3844,3955,2212
5537,5537,4244,3814,2191
5629,5629,3866,3937,2227
5525,5525,3732,4378,2629
5640,5640,3931,4081,2349
5514,5514,3813,3757,2146
5507,5507,3765,3851,2316
5625,5625,4525,4125,2198
5635,5635,3809,3902,2082
5505,5505,3803,3884,2241
5512,5512,3869,3856,2202
5482,5482,3754,3995,2155
5513,5513,3928,3863,2224
5470,5470,3866,3988,2330
5559,5559,3873,3738,2156
5579,5579,3750,3851,2142
5513,5513,3849,3884,2150
5513,5513,3849,3885,2255
5526,5526,3801,3788,2183
5536,5536,3774,3943,2174
5523,5523,5471,2283,3292
5441,5441,3916,3758,2188
5524,5524,3813,3799,2148
5559,5559,3942,4050,2298
5657,5657,3879,3814,2026
5624,5624,4191,3979,2184
5869,5869,3831,3723,2160
5523,5523,3855,3918,2163
5713,5713,3813,3849,2081
5480,5480,4271,3944,2277
5468,5468,4089,3724,2176
5493,5493,3852,3928,2237
5476,5476,3772,3754,2157
5641,5641,4238,3902,2112
5528,5528,3862,3723,2399
5528,5528,4983,3786,2443
5757,5757,3928,3790,2132
5694,5694,3907,4195,2426
5547,5547,3817,4040,2330
5541,5541,3863,3826,2135
5665,5665,3883,3983,2181
5503,5503,3941,4172,2466
5629,5629,3757,3887,2138
5531,5531,4206,3806,2194
5654,5654,3828,3834,2085
5502,5502,3892,4008,2268
5867,5867,3855,3737,2148
5479,5479,3839,3829,2090
5505,5505,3819,3792,2326
5609,5609,4315,3938,2162
5523,5523,4040,4000,2234
5536,5536,3960,3870,2214
5506,5506,3914,3776,2183
5542,5542,3778,3907,2246
5517,5517,3707,3984,2364
5708,5708,4341,4034,2302
5615,5615,3894,4070,2203
5438,5438,3836,3972,2264
5492,5492,3797,3822,2241
5572,5572,3886,3995,2230
5866,5866,4054,3773,2119
5536,5536,4284,4050,2274
5502,5502,3856,3660,2297
5457,5457,4749,3837,2432
5508,5508,3835,4143,2430
5571,5571,3808,3849,2134
5641,5641,3789,3833,2299
5516,5516,3728,3997,2181
5490,5490,3945,3861,2112
5540,5540,4208,3954,2177
5625,5625,3823,3821,2166
5541,5541,4231,3922,2168
5820,5820,3832,3855,2234
5477,5477,3981,3839,2175
5724,5724,3563,4038,2231
5536,5536,4202,3969,2258
5482,5482,3782,3922,2135
5484,5484,3978,3996,2254
5470,5470,3895,3753,2237
5513,5513,3883,3773,2335
5681,5681,3881,3833,2101
5456,5456,4016,3989,2268
5554,5554,3844,3743,2192
5603,5603,3768,4035,2236
5599,5599,3789,3998,2260
5526,5526,3894,4079,2332
5786,5786,3869,3775,2352
5589,5589,4307,3868,2212
5576,5576,3679,4246,2370
5718,5718,3829,3982,2251
5451,5451,3782,4124,2422
5979,5979,3763,3909,2102
5621,5621,3809,3760,2122
5496,5496,3890,4070,2275
5525,5525,3861,3763,2205
5463,5463,3957,3724,2277
5503,5503,3863,3835,2164
5488,5488,4280,3920,2099
5527,5527,3816,4089,2317
5583,5583,3949,3859,2161
5503,5503,3834,3819,2404
5657,5657,3783,3961,2145
5474,5474,3822,3783,2154
5553,5553,4201,4069,2227
7490,7490,3967,3904,2011
5617,5617,3836,3825,2171
5662,5662,3855,3895,2161
5464,5464,3812,3867,2110
5498,5498,3813,3754,2133
5573,5573,4364,4236,2465
5503,5503,3941,3774,2188
5646,5646,3931,3907,2168
5543,5543,3921,3884,2240
5503,5503,3951,3736,2229
5596,5596,4252,4244,2491
6011,6011,3849,4426,2649
5433,5433,3869,3943,2241
5793,5793,4197,4157,2330
5545,5545,4137,3791,2145
5711,5711,3757,3920,2162
5698,5698,4372,3719,2198
5760,5760,3881,3834,2033
5819,5819,4094,3810,2119
5818,5818,4039,4066,2324
5784,5784,3841,3823,2056
5511,5511,3852,3963,2332
5609,5609,3856,3809,2189
5646,5646,3927,3796,2163
5524,5524,3901,3914,2164
5480,5480,4304,3896,2137
5477,5477,3842,3783,2245
5558,5558,3489,4134,2389
5489,5489,3913,4124,2377
5451,5451,3935,3953,2243
5558,5558,3763,3788,2517
5780,5780,4327,3805,2146
5668,5668,4469,3942,2013
5734,5734,3795,3895,2307
5591,5591,3780,3763,2090
5536,5536,3812,3803,2181
5473,5473,3859,3766,2188
5537,5537,3876,4168,2518
5554,5554,3875,3763,2119
5569,5569,3807,3910,2134
5635,5635,3783,3816,2120
5580,5580,3909,3799,2223
5604,5604,3862,4136,2604
5606,5606,4086,3941,2179
5528,5528,3923,3706,2301
5481,5481,3932,3915,2209
5695,5695,3921,4040,2385
5675,5675,4351,3880,2096
5571,5571,3771,3907,2063
5599,5599,3950,3824,2193
5637,5637,3812,4362,2594
5484,5484,3568,4175,2425
5466,5466,3799,3761,2135
5483,5483,4260,4006,2357
5506,5506,3598,4181,2399
5499,5499,3851,3998,2250
5523,5523,3823,3778,2158
5557,5557,3810,3842,2126
5448,5448,3752,4222,2484
5644,5644,4177,3908,2168
5651,5651,3887,3970,2222
5507,5507,3791,3856,2125
5458,5458,3862,3860,2107
5579,5579,3845,3921,2107
5863,5863,3775,4180,2104
5517,5517,3961,3772,2160
5535,5535,3591,4058,2293
5464,5464,4254,3893,2090
5510,5510,3855,3777,2090
5541,5541,3840,3967,2251
5687,5687,3821,3888,2227
5960,5960,3859,3854,2105
5490,5490,3826,3759,2313
5433,5433,4248,3789,2191
5510,5510,3827,3790,2223
5688,5688,3591,4123,2325
5456,5456,3856,3820,2119
5556,5556,3842,3821,2156
5556,5556,3553,3994,2236
5538,5538,4253,3863,2089
5656,5656,3862,4197,2255
5430,5430,3871,3840,2102
5503,5503,3876,4080,2431
5541,5541,3871,4208,2440
5574,5574,3806,3875,2193
5641,5641,4298,3976,2190
5503,5503,3852,4091,2437
5513,5513,4199,3938,2168
5479,5479,3902,3765,2124
5482,5482,3938,3771,2124
5615,5615,3816,3758,2209
5659,5659,3733,3906,2323
5523,5523,3898,3869,2117
5510,5510,4350,3871,2142
5501,5501,3841,3703,2299
5635,5635,3882,4012,2203
6056,6056,3827,3866,2009
5531,5531,3882,3877,2148
5622,5622,3831,3784,2060
5684,5684,4310,3842,2082
5684,5684,3764,3877,2110
5491,5491,3899,4016,2258
5443,5443,3870,3743,2105
6011,6011,3797,3861,2087
5508,5508,3780,3820,2096
5568,5568,4398,3855,2201
5530,5530,3948,3963,2232
5575,5575,3730,3899,2197
5518,5518,3853,3841,2133
5654,5654,3836,3873,2178
5556,5556,4029,3799,2252
5472,5472,4289,3888,2136
5848,5848,3798,3981,2095
5530,5530,3913,3978,2223
5517,5517,4135,3787,2102
5492,5492,4086,3910,2116
5620,5620,3799,3772,2119
5517,5517,3929,3950,2297
5787,5787,3848,3788,2105
5439,5439,3941,3874,2174
5467,5467,3821,3902,2122
5611,5611,4222,3824,2141
5498,5498,3796,3737,2214
5538,5538,3822,3895,2210
5589,5589,3866,4192,2428
5921,5921,3779,3813,2183
5477,5477,3807,3795,2162
5563,5563,4292,3842,2141
5684,5684,3857,4047,2161
5574,5574,3775,4121,2355
5524,5524,3857,3788,2100
5807,5807,3920,3939,2263
5560,5560,3877,3752,2105
5501,5501,4344,3950,2322
5681,5496,5681,3869,2213
5494,5494,3911,3961,2164
5466,5466,3888,4003,2241
5508,5508,3842,3956,2195
5476,5476,3923,4501,2754
5745,5745,4611,4531,2779
5573,5573,4064,4342,2578
5509,5509,4670,4218,2421
5481,5481,4099,3943,2169
5942,5942,3901,3784,2184
5664,5664,3823,4268,2370
5492,5492,3892,4156,2425
5637,5637,4206,3780,2146
5514,5514,4246,3856,2049
5685,5685,3890,4093,2332
5530,5530,4312,3937,2168
5500,5500,4251,3716,2063
5477,5477,4185,3903,2159
5495,5495,3846,3810,2123
5517,5517,4455,3924,2115
5576,5576,3835,3980,2263
5741,5741,3751,3805,2225
5632,5632,3733,3962,2280
5458,5458,4156,3901,2133
5594,5594,3850,3737,2326
5501,5501,4333,3792,2194
5840,5840,3776,4001,2001
5561,5561,3877,3977,2167
5533,5533,3941,3917,2142
5448,5448,3948,3844,2119
5571,5571,4074,3781,2160
5858,5858,3920,4124,2290
5582,5582,3862,3757,2202
6079,6079,3859,4166,2427
5525,5525,3865,3871,2277
5484,5484,3758,3809,2142
5635,5635,3796,4099,2318
5474,5474,4153,4011,2350
5823,5823,3817,3752,2350
5556,5556,3875,3990,2390
5506,5506,3997,3961,2193
5534,5534,4271,3902,2250
5605,5605,3757,4053,2194
5482,5482,3908,3822,2302
5553,5553,4004,4002,2276
5517,5517,3905,3889,2195
5563,5563,3807,3748,2045
5499,5499,4337,4048,2277
5622,5622,3941,3758,2125
5466,5466,3793,4212,2418
5500,5500,4236,3849,2126
5846,5846,4049,3886,2300
5610,5610,3841,3798,2520
5507,5507,4198,3873,2165
5693,5693,4001,3859,2166
5609,5609,3935,3743,2142
5556,5556,3921,3750,2232
5583,5583,4187,4037,2280
5654,5654,3848,3867,1990
5517,5517,3855,3856,2258
5621,5621,3727,3998,2241
5528,5528,4197,3946,2189
5518,5518,3841,3754,2102
5464,5464,3855,4101,2392
5640,5640,3838,3862,2216
5528,5528,3851,3907,2504
5645,5645,4032,3759,2332
5724,5724,4579,3949,2194
5713,5713,3892,4146,2321
5594,5594,3750,3957,2142
5557,5557,4079,3951,2189
5501,5501,3871,3840,2142
5484,5484,3931,3893,2125
5540,5540,4323,3876,2181
5938,5938,3826,3875,2056
5665,5665,4206,3934,2210
5563,5563,3790,3984,2274
5595,5595,3833,4018,2261
5892,5892,3937,3759,2116
5520,5520,4270,3957,2237
5669,5669,3876,4187,2463
5694,5694,4181,3998,2178
5543,5543,3980,3944,2130
5511,5511,4014,3760,2198
5517,5517,3770,4132,2404
5640,5640,3750,3948,2188
5618,5618,3846,3776,2155
5561,5561,4284,3882,2221
5479,5479,3615,4094,2383
5448,5448,4047,3860,2227
5806,5806,4194,4206,2300
5566,5566,3844,3818,2122
5642,5642,3855,3859,2124
5603,5603,4363,4021,2287
5506,5506,3427,4339,2580
5456,5456,3925,4021,2262
5647,5647,3994,3753,2082
5503,5503,3812,3821,2236
5519,5519,3796,3805,2140
5445,5445,4210,3774,2106
5462,5462,3875,3726,2239
5489,5489,3789,4039,2245
5468,5468,3833,3802,2089
5471,5471,3840,3839,2133
5473,5473,4072,4160,2430
5431,5431,4019,4065,2299
5655,5655,3821,3823,2058
5698,5698,3835,4173,2419
5532,5532,3814,3766,2161
5536,5536,3784,3864,2207
5601,5601,4077,4031,2298
5540,5540,3982,3965,2234
5535,5535,3928,3958,2299
5457,5457,3923,3906,2125
5483,5483,3862,3766,2114
5502,5502,3823,4211,2448
5480,5480,3819,3790,2282
5507,5507,3773,3860,2251
5424,5424,3823,3783,2313
5481,5481,3765,3887,2122
5547,5547,3678,4312,2593
5472,5472,4205,4098,2365
5709,5709,3836,3954,2039
5567,5567,3846,3843,2253
5591,5591,3817,3897,2161
5714,5714,3593,3983,2261
5676,5676,3806,3849,2109
5602,5602,4772,4136,2399
5614,5614,3882,4132,2596
5693,5693,3774,3864,2127
5461,5461,3790,3733,2141
5576,5576,3836,3850,2181
5473,5473,3816,4277,2511
5515,5515,3782,4343,2724
5484,5484,3824,3875,2147
5502,5502,4728,3797,2148
5456,5456,3836,3854,2132
5661,5661,3887,3875,2047
7216,7216,4341,4741,2831
5550,5550,3823,3835,2003
5586,5586,3811,3859,2078
5495,5495,4172,4014,2295
5648,5648,3710,4009,2310
5637,5637,4294,3962,2184
5524,5524,3878,3781,2080
5591,5591,3783,4211,2288
5543,5543,4271,3709,2115
5635,5635,4291,3884,2153
5573,5573,4185,4040,2281
5668,5668,4546,3867,2193
5657,5657,3651,3881,2175
5559,5559,3814,3871,2171
5574,5574,3843,4445,2692
5858,5858,4397,3882,2127
5684,5684,3817,3840,2064
5869,5869,3792,3865,2117
5545,5545,3778,3763,2180
5500,5500,3781,3909,2159
5515,5515,3882,3842,2115
5564,5564,3847,4374,2595
5528,5528,3959,3832,2181
5586,5586,3942,3895,2232
5946,5946,3780,3787,2226
5474,5474,3799,3854,2125
5777,5777,3825,3784,2277
5645,5645,3681,3950,2221
5470,5470,3748,4484,2748
5771,5771,3776,3939,2269
5502,5502,3823,3796,2164
5624,5624,4441,3861,2056
5772,5772,3851,4273,2366
5466,5466,3776,3827,2155
5602,5602,3757,3877,2142
5605,5605,3813,3777,2122
5679,5679,3876,3853,2093
5457,5457,4392,3998,2299
5621,5621,3770,3909,2244
5510,5510,3788,3796,2152
5498,5498,3765,3875,2121
5515,5515,3771,3881,2131
5536,5536,3802,4326,2546
5603,5603,4924,4159,2468
5613,5613,3803,3788,2033
5589,5589,3830,3859,2176
5704,5704,4106,3808,2135
5576,5576,3921,3908,2111
5654,5654,4171,3938,2039
5524,5524,3908,3846,2187
5596,5596,4198,3776,2145
5662,5662,4249,3868,2164
5600,5600,4118,4037,2283
5573,5573,3925,3965,2350
5457,5457,3782,3779,2130
5531,5531,3887,4009,2429
5463,5463,3852,4132,2374
5522,5522,4600,3921,2104
5982,5577,3655,5982,2382
5602,5602,3856,3926,2227
5516,5516,3795,3809,2162
5530,5530,3912,3888,2201
5489,5489,4006,3819,2191
5515,5515,4255,3813,2065
5653,5653,3859,3952,2069
5562,5562,3816,3808,2260
5753,5753,3800,3934,2192
5627,5627,3806,3896,2123
5523,5523,3572,4001,2308
5520,5520,4224,4007,2572
5476,5476,3935,4118,2488
5613,5613,4198,3765,2116
5511,5511,3922,3649,2128
5519,5519,3539,4130,2375
5655,5655,3814,4132,2359
5520,5520,4146,3880,2098
5509,5509,3835,4162,2438
5480,5480,4216,3759,2168
5596,5596,4135,3609,2130
5563,5563,3958,3783,2219
5630,5630,3836,4212,2297
5543,5543,3832,3944,2177
5609,5609,3875,3928,2221
5628,5628,4192,3954,2164
5610,5610,4190,3925,2177
5579,5579,3937,4499,2705
5510,5510,3857,3703,2063
5454,5454,3840,3935,2205
5665,5665,3743,3935,2181
5851,5851,4470,3686,2121
5569,5569,3848,4007,2265
5509,5509,3762,4194,2543
5583,5583,4040,3831,2097
5517,5517,3846,3881,2143
5622,5622,3770,4147,2449
5500,5500,4187,3924,2161
5661,5661,3829,4178,2284
5476,5476,3927,3913,2141
5495,5495,3828,4046,2297
5523,5523,3797,3824,2177
5579,5579,3818,3869,2142
5696,5696,3869,3896,2266
5517,5517,3858,3734,2182
5497,5497,3751,3927,2142
5571,5571,3768,4154,2375
5443,5443,4244,3992,2240
5507,5507,3847,3908,2171
5537,5537,3711,4020,2315
5510,5510,3945,3784,2300
5627,5627,4202,3959,2194
5506,5506,3791,3797,2193
5509,5509,4321,3915,2175
5613,5613,3817,4205,2286
5965,5965,3887,3910,2187
5678,5678,3845,3964,2230
5606,5606,3836,4138,2408
5655,5655,3840,3773,2200
5589,5589,4254,3968,2226
5526,5526,3908,4066,2366
5477,5477,3762,4156,2437
6016,6016,3800,3860,2102
5647,5647,3842,3839,2189
5741,5741,3826,4205,2450
5556,5556,3743,4259,2607
5624,5624,3854,3981,2279
5518,5518,4200,3912,2188
5518,5518,3842,3829,2213
5575,5575,3821,3808,1967
5772,5772,3872,4451,2654
5539,5539,3842,3906,2134
5518,5518,3880,3945,2152
5483,5483,4201,4086,2372
5620,5620,4378,3963,2185
5582,5582,4137,4047,2300
5581,5581,4033,3678,2122
5476,5476,3782,3903,2127
5534,5534,3793,3752,2116
5694,5694,4613,3794,2105
5555,5555,3097,4684,2952
5540,5540,3901,4005,2239
5530,5530,3809,3763,2094
5484,5484,3975,3844,2098
8075,8075,3850,3743,2307
5549,5549,3996,4458,2267
5609,5609,3863,3814,2003
5525,5525,3858,3798,2197
5540,5540,3851,3950,2227
5649,5649,4240,4382,2598
6257,6257,4645,3816,2189
5905,5905,4268,3932,2292
5481,5481,3949,3722,2172
5501,5501,3808,3838,2157
5544,5544,3806,3895,2142
5534,5534,3873,3727,2116
5562,5562,4011,3773,2222
5514,5514,4152,3935,2193
5464,5464,3849,4150,2399
5574,5574,3812,5101,3406
5613,5613,3800,3829,2096
5469,5469,3850,3832,2125
5640,5640,3851,3861,2100
5451,5451,4505,3917,2134
6002,6002,3890,3882,2119
5532,5532,3801,3776,2134
5518,5518,4411,3852,2103
5584,5584,3882,3960,2201
5517,5517,3855,3704,2335
5567,5567,4113,3895,2201
5886,5886,3787,3783,2160
5498,5498,3861,3843,2077
5458,5458,3794,4246,2526
5643,5643,3769,3947,2183
5513,5513,3876,3796,2201
6000,6000,4233,3776,2095
5551,5551,3876,3833,2083
5543,5543,3787,3852,2212
5807,5807,3842,3948,2022
5638,5638,3809,3802,2220
5517,5517,3888,3834,2167
5521,5521,3859,3740,2085
5506,5506,3894,3886,2243
5604,5604,4037,3841,2217
5571,5571,3922,3687,2243
5477,5477,3823,3802,2319
5485,5485,4156,3727,2285
5493,5493,4404,3718,2083
5551,5551,3834,3974,2216
5518,5518,3717,4213,2590
5601,5601,3808,3948,2179
5705,5705,4173,4006,2208
5538,5538,3775,3813,2066
5451,5451,4224,4044,2221
5877,5877,3856,4008,2120
5484,5484,3827,3927,2188
5677,5677,3916,3829,2118
5464,5464,4140,3724,2117
5565,5565,3829,3999,2088
5610,5610,4236,3997,2207
5642,5642,4022,3687,2182
5564,5564,4257,3805,2060
5772,5772,4251,3772,2168
5536,5536,3862,3844,2247
5457,5457,3808,3974,2241
5548,5548,3753,3910,2193
5552,5552,3607,4052,2280
5516,5516,4235,3913,2166
5521,5521,3863,3804,2162
5574,5574,3807,3813,2162
5665,5665,3896,3910,2293
5457,5457,3919,3895,2267
5556,5556,3917,4018,2364
5650,5650,4262,3875,2159
5512,5512,3992,4178,2438
5584,5584,3923,4006,2213
5622,5622,4265,3739,2157
5523,5523,3796,3800,2141
5505,5505,3645,3987,2247
5503,5503,4574,3826,2070
5588,5588,4117,3680,2290
5530,5530,3784,3954,2184
5653,5653,3834,3855,2102
5491,5491,3807,3894,2128
5468,5468,3921,4151,2432
5505,5505,4199,4085,2334
5642,5642,3827,3931,2011
5960,5960,4239,3868,2053
5439,5439,3935,3825,2119
5491,5491,3753,3880,2078
5529,5529,3806,3849,2115
5561,5561,4224,3964,2221
5576,5576,3909,3836,2121
5479,5479,3860,4044,2291
5599,5599,3794,3796,2059
5556,5556,4548,3819,2165
5804,5804,3849,3934,2171
5637,5637,3795,4154,2394
5499,5499,3804,4402,2646
5605,5605,3939,3783,2075
5585,5585,3800,3911,2108
5492,5492,4261,3871,2144
5684,5684,3771,4014,2111
5539,5539,3775,3824,2074
5462,5462,3854,3882,2125
5567,5567,4304,3787,2062
5491,5491,3818,3772,2144
5897,5897,4289,3994,2244
5525,5525,3966,3780,2131
5526,5526,3893,3941,2162
5602,5602,3802,3738,2012
5503,5503,3797,3901,2135
5572,5572,3803,4252,2469
5590,5590,3823,4365,2689
5563,5563,3794,3868,2050
5490,5490,4402,3763,2151
5666,5666,3803,3918,2175
5441,5441,3778,3809,2192
5683,5683,4198,4232,2333
5544,5544,3935,3839,2214
5532,5532,3884,3781,2170
5538,5538,4225,4099,2287
5602,5602,3777,3760,2136
5609,5609,4406,3910,2244
5598,5598,3854,3915,2224
5622,5622,3855,3868,2107
5626,5626,3895,3934,2153
5474,5474,4228,3839,2090
5506,5506,4174,3979,2409
5637,5637,4436,3962,2234
5569,5569,3846,4176,2432
5518,5518,3812,3846,2072
5526,5526,4014,3739,2353
5483,5483,4258,3790,2160
5839,5839,3862,4198,2293
5550,5550,3663,3859,2129
5692,5692,3971,3890,2142
5599,5599,4613,3784,2119
5774,5774,3954,3841,2105
6037,6037,3918,4068,2311
5533,5533,4040,3645,2237
5563,5563,3783,3941,2142
7527,7527,3841,3874,2132
5560,5560,3784,3845,2170
5495,5495,3768,4007,2418
5542,5542,3940,3850,2234
5490,5490,3792,3740,2313
5522,5522,3876,3787,2109
5516,5516,3761,4040,2315
5508,5508,4740,3734,2229
5693,5693,3895,3967,2092
5536,5536,3847,3895,2104
5565,5565,3974,3728,2076
5613,5613,3796,3831,2141
5628,5628,4048,3803,2131
5549,5549,4224,3972,2158
5770,5770,3885,3809,2137
5691,5691,4000,3868,1994
5797,5797,3961,3886,2208
5621,5621,3789,3817,2159
5531,5531,3835,3875,2367
5617,5617,4180,3956,2189
5763,5763,3824,3901,2167
5556,5556,3891,3743,2122
5648,5648,3849,3908,2227
5552,5552,4229,3934,2166
5675,5675,4032,4080,2049
5597,5597,3811,3829,2188
5530,5530,4262,3771,2148
5526,5526,4215,3989,2206
5600,5600,4243,3852,2178
5687,5687,4031,3820,2235
5569,5569,3922,3743,2134
5569,5569,3885,4212,2379
5547,5547,3816,4171,2411
5540,5540,4056,4001,2274
5627,5627,3690,4291,2557
6017,6017,4458,3981,2274
5461,5461,4118,3807,2109
5624,5624,3831,3936,2220
5684,5684,3770,3839,2073
5553,5553,4584,3968,2210
5846,5846,3818,4087,2126
5618,5618,4016,3857,2142
5482,5482,3775,3779,2157
5488,5488,3820,3889,2046
5529,5529,3628,4606,2907
5511,5511,4337,3962,2227
5884,5884,3801,3799,2163
5622,5622,4302,3845,2147
5503,5503,3869,3797,2040
5551,5551,4035,3898,2124
5703,5703,3754,3800,2212
5701,5701,4656,4012,2241
5505,5505,3841,4173,2452
5441,5441,4220,3875,2131
5482,5482,4785,3013,2734
5575,5575,3791,3878,2053
5753,5753,4139,4377,2445
5491,5491,4040,3796,2166
5511,5511,3849,3919,2168
5748,5748,4169,3884,2110
5724,5724,3803,3890,2090
5562,5562,3909,3961,2192
5611,5611,3837,3716,2102
5568,5568,3951,3921,2292
5692,5692,3695,3966,2185
5470,5470,4321,3687,2103
5498,5498,3832,4069,2330
5581,5581,3753,3940,2168
5603,5603,3773,3928,2177
5451,5451,3890,3933,2111
5479,5479,4073,4152,2400
5765,5765,4454,3870,2148
5632,5632,3803,3829,2069
5629,5629,3794,3882,2137
5547,5547,3888,3779,2096
5498,5498,3844,3813,2091
5600,5600,3981,3983,2271
5727,5727,3917,3997,2225
5544,5544,3836,3899,2157
5554,5554,3997,3961,2155
5582,5582,3811,3897,2144
5655,5655,4212,3959,2211
5599,5599,3850,3777,2196
5754,5754,3817,3904,2139
5469,5469,3796,3766,2307
5498,5498,3810,3863,2142
5599,5599,3844,3744,2179
5489,5489,4232,3950,2135
5781,5781,4048,3799,2013
5504,5504,3809,3868,2199
5556,5556,3772,4034,2284
5535,5535,3861,3957,2308
5449,5449,3850,3752,2053
5541,5541,4303,3926,2170
5514,5514,3985,3735,2148
5532,5532,4198,3776,2165
5877,5877,3821,3863,2129
5541,5541,3877,3924,2316
5858,5858,3834,3770,2444
5536,5536,3740,4304,2565
5560,5560,3787,3836,2076
5592,5592,4259,3814,2186
5562,5562,3645,4085,2386
5491,5491,4197,3917,2177
5740,5740,3808,4243,2295
5475,5475,3859,3741,2113
5483,5483,4083,3791,2102
5576,5576,4193,4009,2208
5489,5489,3833,3897,2132
5566,5566,3994,3878,2205
5539,5539,3860,3704,2173
5506,5506,3920,4251,2493
5503,5503,3841,3812,2091
5514,5514,4213,3892,2081
5458,5458,4195,3878,2127
5515,5515,4517,3908,2250
5581,5581,3867,3778,2159
5525,5525,3890,3870,2105
5528,5528,3955,4262,2378
5543,5543,4244,3855,2209
5689,5689,3810,3896,2023
5484,5484,3769,3959,2248
5578,5578,3829,3844,2063
5536,5536,3889,3787,2129
5589,5589,3819,3858,2126
5535,5535,3940,3947,2294
5527,5527,3887,3763,2096
5616,5616,3821,3834,2125
5610,5610,3864,3734,2194
5431,5431,3921,3890,2153
5732,5732,3808,4009,2234
5505,5505,3782,4040,2315
5569,5569,3836,3764,2227
5817,5817,3842,3807,2122
5473,5473,3849,5430,3651
5488,5488,4297,3835,2141
5994,5994,3840,3807,2054
5527,5527,3782,3945,2160
5509,5509,3796,4109,2247
5604,5604,3860,3887,2084
5484,5484,3823,3807,2056
5484,5484,4693,3957,2311
5503,5503,3925,3697,2167
5563,5563,4238,3913,2223
5884,5884,3783,3828,2161
5487,5487,3803,3802,2128
5523,5523,3803,4210,2429
5617,5617,4183,3844,2199
5557,5557,3871,3784,2128
5615,5615,3894,3800,2196
5569,5569,3876,3759,2131
5831,5831,3837,3879,2122
5660,5660,3885,3968,2049
5479,5479,3779,5446,3841
5633,5633,3816,3875,2142
5554,5554,4316,3788,2170
5499,5499,3871,3815,2063
5510,5510,3931,3933,2186
5515,5515,3845,3784,2182
5824,5824,3813,3844,2106
5549,5549,3821,4126,2379
5489,5489,4334,3811,2134
5628,5628,3785,3938,2190
5544,5544,3718,3968,2224
5510,5510,3774,4137,2400
5592,5592,3860,3831,2146
5562,5562,3795,3839,2137
5558,5558,4270,3866,2148
5734,5734,3811,3820,2042
5673,5673,4208,3868,2129
5531,5531,3770,3904,2209
5658,5658,3935,3831,2110
5530,5530,3793,3823,2062
5590,5590,4367,4027,2278
5467,5467,4250,3684,2288
5497,5497,4578,3928,2187
5621,5621,3927,3908,2285
5636,5636,4032,3886,2112
5480,5480,3799,3907,2215
5646,5646,3808,3941,2208
5502,5502,3829,3760,2157
5546,5546,4211,4195,2452
5646,5646,3765,3838,2101
5902,5902,3858,3851,2092
5681,5681,3886,4159,2256
5518,5518,3796,3921,2158
5563,5563,3827,3817,2169
5528,5528,4208,3990,2234
5579,5579,3787,3825,2159
5668,5668,4120,3901,2266
5496,5496,3902,3820,2163
5569,5569,3803,4173,2397
5569,5569,5452,2500,3378
5553,5553,4603,3789,2142
5646,5646,4194,4151,2391
5575,5575,3747,3981,2150
5454,5454,3821,3737,2110
5497,5497,3834,3797,2280
5533,5533,3875,3759,2317
5535,5535,4320,3818,2177
5655,5655,3750,3908,2011
5655,5655,3882,3971,2183
5486,5486,3839,3787,2211
5668,5668,3803,3921,2255
5510,5510,3889,3859,2112
5561,5561,3928,3961,2208
5602,5602,3871,3745,2197
5697,5697,3799,3921,2151
5523,5523,3915,3901,2234
5461,5461,4184,3833,2063
5586,5586,3862,4130,2369
5582,5582,3769,4001,2190
5530,5530,3821,4141,2389
5517,5517,3965,4225,2478
5556,5556,3823,3863,2122
5457,5457,4318,3907,2162
5767,5767,4221,3897,2005
5569,5569,3840,3814,2041
5553,5553,3836,3734,2117
5501,5501,3809,4117,2333
5653,5653,3889,4065,2330
5708,5708,4412,4019,2240
5478,5478,3851,3770,2121
5488,5488,3815,3846,2132
5751,5751,3786,3936,2206
5607,5607,3862,3850,2216
5493,5493,4190,3724,2372
5575,5575,3730,4405,2652
5673,5673,3888,3796,2168
5542,5542,4210,3954,2188
5582,5582,3821,3883,2164
5705,5705,4101,3815,2192
5738,5738,3750,3895,2223
5506,5506,3823,3862,2188
5466,5466,3546,4146,2439
5937,5937,4185,3884,2082
5515,5515,3822,4146,2406
5530,5530,4181,3959,2260
5562,5562,3815,3816,2175
5473,5473,3936,3874,2122
5686,5686,4345,3855,2106
5509,5509,4673,3804,2161
5509,5509,4304,3954,2170
5525,5525,3749,4304,2561
5556,5556,3775,3835,2208
5562,5562,3878,3902,2197
5725,5725,3870,4192,2452
5560,5560,4230,3858,2123
6017,6017,3710,4077,2156
5580,5580,3812,3880,2193
5594,5594,3966,3816,2168
5504,5504,3897,3867,2091
5469,5469,3858,3786,2047
5517,5517,3929,3963,2223
5596,5596,3991,3875,2202
5515,5515,3881,3796,2140
5514,5514,3837,3777,2076
5546,5546,3759,3809,2174
5569,5569,3821,3873,2277
5515,5515,3864,4198,2392
5880,5880,3665,4168,2417
5862,5862,4221,3891,2201
5493,5493,3708,3919,2183
5546,5546,4231,3885,2105
5677,5677,3889,3897,2088
5865,5865,3856,3884,2161
5496,5496,3924,3899,2159
5487,5487,3948,3935,2214
5571,5571,3836,3844,2089
5495,5495,4314,3933,2191
5748,5748,3915,3842,2145
5751,5751,5258,3816,2210
5582,5582,3808,3809,2154
5474,5474,3814,3843,2287
5504,5504,3679,4683,2990
5586,5586,3951,4228,2519
5610,5610,3913,3826,2119
5494,5494,3842,3943,2201
5478,5478,3844,3746,2139
5614,5614,3862,3789,2135
6004,6004,3677,3971,2096
5474,5474,4334,3869,2096
5498,5498,3857,3865,2086
5474,5474,4218,4058,2276
5684,5684,3849,3889,2076
5467,5467,4193,3962,2207
5487,5487,3863,3776,2109
5528,5528,3811,3831,2168
5585,5585,3842,3765,2358
5572,5572,4627,3948,2186
5613,5613,3839,3941,2177
6966,6966,3879,3994,911
5640,5640,3703,4139,2384
5488,5488,3649,4075,2300
5470,5470,3823,3830,2214
5462,5462,3973,4032,2300
5695,5695,3795,3869,2029
5493,5493,3795,3882,2153
5790,5790,3961,3836,1964
5565,5565,3921,4126,2342
5625,5625,3825,3971,2255
5827,5827,4450,3874,2163
5510,5510,3954,3830,2353
5499,5499,4612,4152,2572
5734,5734,3826,4071,2359
5511,5511,3799,3782,2149
5517,5517,3761,3960,2197
5675,5675,3715,4159,2252
5544,5544,3957,3884,2132
5501,5501,4285,3788,2138
5673,5673,3933,3902,2145
5558,5558,3783,3874,2125
5595,5595,3655,4447,2435
5517,5517,3841,3845,2229
5517,5517,3828,3837,2076
5672,5672,4211,4131,2308
5472,5472,3842,3791,2287
5531,5531,4073,3963,2294
5635,5635,4035,3747,2168
5501,5501,3806,3738,2115
5602,5602,4008,3920,2188
5538,5538,4199,3925,2169
5653,5653,3805,3908,2256
5574,5574,3872,3948,2299
5603,5603,3846,3791,2136
5647,5647,3793,3964,2234
5708,5708,3836,3738,2283
6003,6003,4151,3856,2117
5605,5605,3884,3915,2024
5687,5687,4033,3858,2134
5634,5634,3871,3745,2106
5532,5532,3823,4053,2281
5489,5489,3812,3862,2093
5512,5512,3931,3975,2230
5620,5620,3900,3676,2114
5578,5578,3944,3774,2177
5559,5559,3728,3880,2154
5589,5589,4043,3970,2166
5486,5486,3998,3921,2191
5457,5457,3860,3948,2203
5484,5484,3924,4197,2488
5599,5599,3949,3831,2187
6044,6044,3792,3796,2148
5548,5548,4220,3792,2145
5766,5766,3815,3907,1993
5484,5484,3824,3925,2177
5589,5589,3793,3752,2144
5541,5541,3812,3790,2148
5517,5517,3823,3784,2135
5485,5485,4429,4108,2473
5494,5494,3902,4025,2344
5492,5492,4184,3982,2234
5609,5609,3772,3810,2153
5501,5501,3869,3869,2108
5479,5479,3833,3773,2372
5556,5556,3744,4395,2564
5491,5491,4073,4079,2491
5517,5517,4185,3883,2190
5846,5846,3902,3916,2159
5548,5548,4348,3836,2160
5668,5668,3796,4237,2302
5536,5536,3763,3913,2210
5568,5568,3910,3809,2145
5493,5493,4247,3814,2150
5630,5630,3836,3981,2259
5470,5470,3973,3946,2201
5543,5543,3897,3690,2144
5648,5648,3954,3856,2056
5571,5571,3869,3819,2140
5537,5537,4126,3855,2101
5613,5613,3803,3794,2227
5662,5662,3748,3951,2225
5509,5509,3914,3786,2161
5519,5519,3823,3931,2143
5510,5510,3862,4095,2418
5534,5534,4330,3916,2170
5722,5722,4196,3697,2015
5624,5624,3736,3954,2170
5537,5537,3814,3915,2151
5518,5518,3856,3809,2129
5462,5462,3706,3882,2148
5782,5782,3970,3939,2334
5539,5539,3862,3771,2119
5536,5536,3836,3901,2129
5604,5604,3796,4030,2264
5497,5497,4073,3741,2151
5531,5531,3763,3852,2260
5478,5478,3776,4010,2258
5510,5510,3856,4175,2425
5619,5619,3926,4269,2563
5470,5470,3829,3816,2050
5484,5484,4209,3818,2168
5609,5609,3811,3928,2022
5730,5730,3860,3902,2161
5885,5885,3796,3790,2064
5760,5760,3863,4052,2353
5496,5496,3819,3921,2153
5624,5624,4344,3975,2184
5584,5584,3916,3710,2214
5608,5608,3859,3742,2128
5517,5517,3824,3763,2115
5480,5480,3885,3914,2160
5511,5511,3893,3749,2425
5713,5713,4146,3918,2152
5575,5575,3819,3814,2085
5497,5497,3888,3846,2135
5447,5447,3930,3837,2099
5852,5852,3787,3866,2111
5864,5864,3835,3897,1986
5578,5578,3856,3987,2269
5775,5775,3854,3890,2131
5536,5536,4229,3939,2224
5489,5489,3887,3862,2156
5648,5648,3972,3822,2245
5541,5541,3910,3805,2240
5806,5806,4029,3894,2155
5551,5551,3831,4170,2425
5472,5472,4245,3928,2141
5466,5466,3838,3833,2245
5520,5520,3727,3873,2186
5602,5602,3809,3796,2100
5495,5495,3757,3882,2227
5474,5474,3783,3905,2102
5817,5817,4639,3941,2148
5629,5629,3795,3899,2023
5444,5444,4007,3751,2132
5495,5495,3749,3992,2351
5661,5661,3800,3794,2010
5736,5736,3862,3794,2062
5580,5580,4279,3962,2244
5730,5730,3834,4116,2194
5709,5709,4371,3671,1971
5505,5505,3830,3782,2023
5476,5476,3852,3804,2133
5490,5490,3806,3978,2266
6014,6014,3716,3869,2181
5464,5464,3845,3827,2065
5501,5501,4250,3809,2109
5545,5545,3791,3875,2159
5526,5526,4312,3817,2093
5636,5636,3868,4232,2356
5748,5748,3798,3849,2121
5575,5575,3855,3763,2160
5648,5648,4306,3827,2172
5519,5519,3548,4060,2268
5529,5529,3967,4090,2280
5540,5540,3853,3783,2254
5533,5533,3859,3770,2172
5520,5520,3822,3876,2131
5508,5508,4413,3869,2101
5589,5589,3816,3801,2242
5536,5536,3656,4060,2325
5623,5623,3829,3743,2107
5509,5509,3922,3809,2155
5732,5732,3827,3781,2285
5535,5535,4264,3858,2145
5672,5672,3800,3987,2097
5491,5491,3807,3842,2195
5518,5518,4023,3971,2272
5505,5505,4089,3855,2089
5635,5635,3818,3764,2129
5521,5521,3978,3963,2194
5477,5477,3868,3717,2183
5501,5501,3798,3922,2139
5552,5552,4225,3778,2142
5512,5512,4155,3897,2141
5492,5492,3807,3997,2240
5593,5593,3782,3915,2189
5549,5549,4001,3726,2290
5524,5524,4972,2664,2877
5551,5551,3791,3860,2131
5582,5582,4264,3895,2121
5709,5709,3808,3894,2109
5471,5471,3862,4277,2493
5549,5549,3849,3848,2101
5479,5479,3862,3862,2108
5478,5478,4178,3748,2151
5470,5470,4294,3942,2248
5792,5792,3968,3806,2310
5534,5534,3840,3852,2106
5511,5511,4245,3707,2095
5852,5852,3842,3928,2181
5514,5514,3826,4284,2523
5508,5508,3755,4241,2590
5530,5530,3851,3868,2141
5588,5588,4567,3800,2168
5492,5492,3773,3775,2174
5480,5480,4265,3888,2146
5667,5667,4201,3796,2181
5503,5503,3816,3823,2077
5749,5749,3770,3773,2129
5469,5469,3935,4118,2375
5484,5484,3817,4012,2301
5681,5681,4027,3884,2166
5544,5544,3873,3759,2111
5519,5519,3887,3855,2079
5577,5577,3566,4375,2610
5457,5457,4198,3847,2130
5710,5710,4310,3919,2196
5859,5859,3921,4020,2124
5561,5561,3837,4159,2562
5559,5559,3931,3899,2170
5492,5492,3800,3833,2310
6147,6147,4251,3869,2109
5683,5683,3836,3981,2069
5497,5497,3931,3903,2147
5495,5495,3726,3931,2147
5617,5617,4185,3736,2144
5645,5645,3750,3833,2236
5570,5570,4109,3984,2241
5514,5514,3914,3743,2076
5523,5523,3805,3854,2098
5554,5554,3879,3756,2122
5543,5543,3939,3972,2329
5585,5585,3803,3968,2231
5530,5530,3839,3868,2386
5516,5516,3808,4178,2465
5523,5523,3823,3925,2164
5507,5507,3832,3730,2094
5600,5600,4192,3845,2107
5657,5657,3829,3784,1989
5610,5610,3827,3894,2148
5999,5999,3868,3825,2081
5449,5449,3905,3904,2119
5500,5500,3863,3874,2142
5418,5418,4020,4268,2529
5537,5537,3895,3814,2108
5559,5559,3857,3735,2155
5509,5509,3816,3767,2109
5633,5633,3862,3847,2074
5535,5535,3825,4311,2536
6015,6015,4112,4205,2451
5660,5660,4450,3829,2219
5486,5486,3928,3764,2103
5606,5606,3792,3874,1981
5609,5609,3754,3875,2087
5747,5747,3780,3910,2056
5513,5513,3856,3770,2165
5550,5550,3805,4037,2299
5616,5616,4439,3790,2122
5634,5634,4269,3732,2010
5480,5480,3908,3961,2213
5634,5634,3836,3705,2108
5623,5623,3926,3963,2187
5522,5522,3842,3760,2351
5585,5585,4248,3771,2136
5565,5565,4172,3954,2225
5498,5498,3743,4085,2239
5735,5735,3607,4226,2545
5564,5564,4316,3908,2212
5586,5586,3869,3798,2142
5569,5569,4310,3775,2187
5797,5797,4016,3846,2036
5780,5534,5780,2381,1906
5537,5537,3835,3791,2143
5485,5485,3829,3965,2150
5545,5545,3997,3749,2153
5478,5478,4309,4006,2275
5533,5533,3886,3715,2313
5509,5509,4561,3843,2083
5510,5510,3895,3794,2127
5532,5532,3848,3869,2213
5602,5602,3832,3825,2168
5608,5608,3748,4048,2267
5837,5837,3823,3882,2177
5514,5514,4163,3941,2306
5667,5667,3945,4119,2383
5496,5496,3811,3921,2154
6002,6002,3793,4192,2304
5499,5499,3790,3833,2210
5467,5467,3820,3862,2117
5850,5850,4595,3823,2255
5459,5459,3789,3874,2096
5488,5488,4036,4073,2337
5481,5481,4096,4070,2380
5445,5445,3809,4093,2339
5912,5912,3819,3799,2089
5562,5562,3991,4099,2374
5576,5576,3869,3952,2218
5686,5686,3739,3913,2240
5522,5522,3797,3843,2106
5522,5522,3809,3872,2186
5494,5494,3829,3828,2301
5591,5591,4203,3776,2066
5639,5639,3961,3858,2085
5627,5627,3865,3695,2168
5486,5486,3812,3762,2122
5503,5503,3780,3885,2147
5523,5523,3888,3981,2250
5584,5584,3976,3949,2293
5509,5509,3861,3928,2399
5616,5616,3825,3827,2194
5541,5541,3815,3796,2200
5586,5586,4196,3971,2544
5513,5513,3846,4010,2312
5586,5586,4423,4057,2306
5486,5486,3910,3901,2311
5543,5543,3853,3986,2261
5510,5510,3825,3897,2155
5491,5491,4227,3774,2122
5687,5687,3851,3906,1996
5729,5729,3776,3891,2109
5540,5540,3893,3801,2118
5528,5528,3772,3901,2148
5568,5568,3852,3755,2225
5481,5481,4314,3862,2244
5609,5609,3868,3669,2124
5663,5663,3894,3852,2198
5474,5474,3812,4105,2389
5486,5486,3820,3762,2139
5509,5509,3956,3758,2358
5556,5556,3827,4337,2594
5495,5495,4099,3894,2273
5654,5654,4294,3774,2155
5523,5523,4345,3888,2133
5513,5513,3836,3836,2307
5730,5730,3897,4172,2264
5536,5536,4243,3868,2107
5531,5531,3842,3836,2106
5556,5556,4600,3808,2166
5454,5454,3816,3817,2091
5818,5818,3985,3936,2183
5522,5522,3827,3750,2093
5524,5524,3935,3825,2069
5595,5595,3819,3919,2155
5596,5596,4332,3890,2111
5511,5511,3675,4143,2389
5573,5573,3842,3875,2153
5579,5579,3780,3865,2109
5575,5575,3794,3795,2171
5607,5607,3770,4165,2403
5491,5491,4229,3804,2172
5709,5709,3902,3897,1980
5724,5724,3737,3927,2193
5526,5526,3829,3890,2101
5558,5558,4234,3998,2365
5950,5950,4192,3780,2180
5533,5533,4345,3954,2231
5875,5875,3878,3774,2207
5535,5535,3787,3796,2108
5504,5504,3846,3783,2074
5514,5514,3679,3968,2243
5468,5468,4113,4015,2251
5637,5637,4287,3809,2148
5777,5777,3834,3732,2339
5515,5515,3818,3870,2150
5894,5894,3792,3770,2121
5489,5489,3868,3958,2188
5661,5661,3880,3945,2074
5532,5532,4214,3832,2086
5451,5451,3825,3722,2109
5525,5525,3849,3873,2161
5842,5842,3807,3867,2130
5504,5504,4043,3865,2198
5528,5528,3943,3810,2153
5806,5806,4250,3807,2181
5653,5653,3882,3870,2089
5630,5630,3795,3775,2180
5733,5733,3807,3857,2520
5830,5830,3677,3927,2194
5507,5507,3821,3918,2210
5925,5925,4133,3844,2115
5630,5630,3876,3838,2154
5464,5464,3823,3862,2109
5659,5659,3849,3895,2092
5537,5537,3776,3812,2149
5503,5503,3896,3878,2166
5521,5521,4150,3803,2046
5480,5480,3809,3847,2116
5466,5466,4014,3977,2245
5668,5668,3830,3786,2219
5427,5427,3852,3811,2389
5517,5517,4106,4165,2427
5525,5525,4267,3835,2122
5571,5571,3828,3945,2214
5524,5524,3899,4080,2297
5481,5481,3911,3835,2060
5629,5629,3827,3798,2136
5728,5728,3836,3790,2171
5588,5588,3967,4159,2271
5785,5785,3840,4157,2235
5547,5547,3782,3763,2116
5726,5726,3904,3932,2153
5431,5431,3843,3834,2104
5800,5800,3855,3912,2192
5645,5645,4704,3935,2285
7224,7224,4341,4085,2416
5632,5632,4257,3836,2110
5687,5687,3823,3893,2123
5631,5631,4118,3971,2212
5515,5515,3885,3770,2245
5691,5691,4387,3980,2204
5616,5616,3849,3917,2181
5480,5480,4195,3786,2183
5503,5503,3895,3796,2167
5660,5660,3823,3771,2144
5680,5680,3952,4064,2250
5625,5625,3840,3937,2151
5609,5609,3872,3926,2096
5694,5694,4238,3835,2197
5628,5628,3966,3899,2049
5551,5551,3900,3981,2303
5748,5748,3883,3836,2193
5553,5553,3800,3869,2230
5819,5819,3855,3941,2220
5554,5554,4271,3768,2109
7476,7476,4353,4239,856
5648,5648,4506,4351,2396
5747,5747,4403,3784,2177
5491,5491,3817,3836,2223
5512,5512,3844,3731,2304
5485,5485,4292,3861,2043
5639,5639,3796,3951,2048
5490,5490,3813,3998,2251
5479,5479,3836,3784,2158
5517,5517,3763,3875,2063
5476,5476,3853,3888,2055
5520,5520,4027,3919,2187
5523,5523,3880,3694,2150
5769,5769,3809,3875,2217
5553,5553,4089,3900,2159
5885,5885,4188,3834,2191
5716,5716,3842,3730,2216
5706,5706,3872,3906,2144
5512,5512,3816,3716,2284
5596,5596,3634,3977,2253
5568,5568,3820,3846,2207
5609,5609,4555,3882,2191
5654,5654,3884,3835,1947
5486,5486,3891,3882,2135
5628,5628,3805,3892,2150
5633,5633,3809,3842,2117
5464,5464,3866,3914,2177
5641,5641,4495,4200,2474
5661,5661,3867,3733,2122
5642,5642,3785,3825,2212
5626,5626,3790,3886,2154
5508,5508,3798,3923,2233
5530,5530,3828,4139,2431
5580,5580,3686,4252,2570
5591,5591,3844,3983,2254
5534,5534,4211,3861,2094
5688,5688,3813,3887,2185
5517,5517,3848,3966,2146
5685,5685,3791,4178,2268
5489,5489,4165,3599,2215
5470,5470,4049,4022,2272
5435,5435,4001,4169,2477
5590,5590,3864,3751,2187
5543,5543,3968,3822,2151
5594,5594,3920,3928,2189
5509,5509,3702,4007,2294
5684,5684,3832,3829,2087
5735,5735,4625,4184,2405
5593,5593,4422,3937,2208
5585,5585,4504,3851,2089
5524,5524,3717,3829,2192
5493,5493,3924,3803,2101
5528,5528,3805,4165,2405
5496,5496,4223,4172,2429
5668,5668,3819,3952,2082
5533,5533,3888,3875,2142
5548,5548,3846,3874,2148
5721,5721,3991,3769,2052
5608,5608,3870,3871,2141
5614,5614,4021,3999,2357
6092,6092,3940,3706,2054
5559,5559,3904,3836,2063
5505,5505,3870,3785,2021
5533,5533,3782,3852,2103
5594,5594,3803,3878,2144
5714,5714,3782,3898,2286
6012,6012,3870,4229,2524
5503,5503,3816,3855,2128
5503,5503,3694,3870,2154
5536,5536,4276,3906,2170
5688,5688,4419,3940,2046
5465,5465,3783,3895,2184
5508,5508,3820,3983,2213
5554,5554,3781,3896,2105
5484,5484,3864,3886,2175
5531,5531,4381,4034,2307
5612,5612,3836,3750,2221
5629,5629,3896,3923,2127
5608,5608,3606,4007,2194
5489,5489,4008,3773,2047
5497,5497,3760,4376,2609
5651,5651,4144,3969,2247
5537,5537,3810,3809,2054
5473,5473,3847,3765,2135
5760,5760,3658,3919,2360
5514,5514,3526,4044,2256
5631,5631,3794,3891,2079
5576,5576,4304,3844,2083
5906,5906,4115,3757,2135
5561,5561,4198,3904,2133
5871,5871,3821,3751,2093
5467,5467,3917,4213,2406
5531,5531,3597,3993,2346
5866,5866,3794,3972,2187
5838,5838,3816,4198,2459
5500,5500,4247,3776,2142
5549,5549,3585,4330,2387
5620,5620,3876,3928,2177
5556,5556,3822,3852,2012
5511,5511,3842,3926,2168
5794,5794,4242,3851,2127
5453,5453,4281,3814,2135
5591,5591,3913,3954,1962
5499,5499,3678,4099,2333
5538,5538,3935,3874,2121
5492,5492,4285,3763,2071
5497,5497,3865,4026,2123
5538,5538,4284,3894,2280
5551,5551,3873,4359,2405
5549,5549,4228,4009,2228
5830,5830,3635,4007,2307
5559,5559,4071,3925,2156
5591,5591,3826,3776,2198
5807,5807,3755,4177,2210
5626,5626,3992,3839,2068
5767,5767,4202,3942,2030
5661,5661,3829,3869,2091
5477,5477,3539,4246,2524
5686,5686,2496,5510,3620
5952,5952,3812,3852,2082
5521,5521,3833,3920,2148
5457,5457,4206,3909,2118
5616,5616,3817,3820,2085
5689,5689,4050,3942,2252
5461,5461,3899,3718,2089
5531,5531,3832,3769,2131
5534,5534,4275,3861,2230
5556,5556,4127,3797,2026
5906,5906,3861,4025,2254
5603,5603,3622,3952,2138
5553,5553,3828,3880,2214
5642,5642,3848,3886,2148
5536,5536,4209,4295,2582
5767,5767,4210,3835,2142
5593,5593,3819,3973,2085
5479,5479,4026,3907,2304
5457,5457,3908,3768,2147
5558,5558,3833,3909,2138
5504,5504,3908,3881,2142
5451,5451,3918,3919,2199
6091,6091,3824,3763,2216
5598,5598,3823,3970,2114
5547,5547,4112,3849,2123
5474,5474,4225,3847,2137
5526,5526,3875,3904,2206
5613,5613,3735,3828,2186
5554,5554,3727,4461,2725
5490,5490,3786,4001,2255
5714,5714,3836,3706,2105
5672,5672,4234,3829,2177
5646,5646,3840,3960,2062
5567,5567,3908,3838,2216
5696,5696,3836,3801,2101
5578,5578,3767,3863,2070
5582,5582,3915,3806,2080
5576,5576,4220,4097,2377
5508,5508,4203,3740,2077
5815,5815,3655,3928,2221
5591,5591,3776,3813,2092
5510,5510,3802,3802,2190
5559,5559,3860,4228,2493
5537,5537,3638,4388,2614
5516,5516,3801,4146,2421
5499,5499,3957,4001,2269
5474,5474,3821,3855,2129
5479,5479,3787,3840,2069
5751,5751,3770,3863,2264
5536,5536,4197,3905,2237
5517,5517,3895,3758,2069
5487,5487,4276,3771,2150
5513,5513,3797,3836,2208
5845,5845,4016,3918,2116
5723,5723,3822,3785,2120
5748,5748,3838,3988,2012
5512,5512,3869,3762,2026
5503,5503,4202,3884,2127
5640,5640,3782,5321,2148
5638,5638,4591,3894,2221
5529,5529,3846,4264,2537
5507,5507,3884,3806,2042
5719,5719,3823,4161,2427
5549,5549,4224,3904,2186
5654,5654,3788,4126,2214
5652,5652,3921,3828,2253
5557,5557,3934,3717,2088
5497,5497,3836,3991,2259
5970,5970,4179,3869,2119
5505,5505,4295,3943,2269
5767,5767,3921,3718,2063
5618,5618,3623,4078,2331
5662,5662,4258,3756,2101
5553,5553,3918,3949,2265
5541,5541,3765,3737,2343
5507,5507,4218,3822,2221
5590,5590,3823,4108,2385
5551,5551,4226,3816,2168
5532,5532,3815,3781,2168
5520,5520,3846,3908,2122
5770,5770,3836,3971,2039
5486,5486,4233,4113,2457
5473,5473,4114,3861,2096
5735,5735,3814,4225,2353
5477,5477,3796,3824,2080
5520,5520,3920,3939,2143
5531,5531,3900,3841,2197
5461,5461,4273,3961,2233
5656,5656,3882,3813,2188
5595,5595,3794,3866,2111
5477,5477,3829,3744,2388
5716,5716,3738,4175,2421
5561,5561,4195,3704,2084
6227,6227,4151,3945,2193
5701,5701,3804,3866,2153
5655,5655,3809,3860,2231
5979,5979,3877,3902,1931
5563,5563,3812,3856,2273
5528,5528,3863,3864,2042
5503,5503,3824,3827,2072
5429,5429,3852,3723,2102
5503,5503,3832,3981,2254
5472,5472,3883,3822,2134
5747,5747,3704,3974,1953
5469,5469,3849,4150,2416
5550,5550,4328,3776,1955
5471,5471,3901,3829,2220
5690,5690,3660,4581,2653
5600,5600,3902,3792,2119
5457,5457,3815,3869,2142
5537,5537,3803,3839,2106
5403,5403,4256,4104,2158
5776,5776,3812,4083,2006
5955,5955,3774,3831,2069
5762,5762,3784,3740,2117
5628,5628,4359,3879,2188
5421,5421,3839,3780,2142
5468,5468,4654,4185,2438
5514,5514,4523,4066,2425
5535,5535,4353,3809,2056
5512,5512,4379,3834,2084
5535,5535,3852,3828,2103
5567,5567,3936,3871,2234
5584,5584,3811,3884,2190
5571,5571,4218,3817,2137
5476,5476,4162,4029,2265
5585,5585,4245,3796,2150
5501,5501,3976,4066,2102
5701,5701,3894,4659,2733
5489,5489,3850,3917,2241
5663,5663,3863,3800,2195
5490,5490,3966,4050,2257
5591,5591,3806,3884,2245
5734,5734,4016,3997,2226
5608,5608,3785,3875,2242
5643,5643,3707,3893,2130
5490,5490,3870,3874,2067
5477,5477,4337,3655,2094
5532,5532,3801,3978,2243
5758,5758,3462,4396,2653
5734,5734,3749,3785,2155
5556,5556,3813,3887,2081
7121,7121,3828,4152,2458
5510,5510,4317,3951,2241
5760,5760,3841,3921,1835
5593,5593,3823,3887,2157
5649,5649,3850,4106,2128
5558,5558,3878,3886,2118
5545,5545,3817,3777,2042
5561,5561,4227,4243,2484
5548,5548,3847,3671,2144
5459,5459,3800,3829,2089
5615,5615,3925,3933,2232
6299,6299,4197,3916,2151
5845,5845,3800,4086,2300
5576,5576,3862,4058,2315
5646,5646,4019,4200,2500
5506,5506,3845,3860,2109
5605,5605,4015,3875,2139
5503,5503,4364,3893,2134
5675,5675,3970,3859,1951
5687,5687,3845,3765,2157
5615,5615,3965,3740,2102
5530,5530,3816,3846,2086
5553,5553,3849,3762,2110
5476,5476,4293,3935,2177
5609,5609,3844,3737,2075
5569,5569,3925,3982,2244
5702,5702,3738,3926,2212
5609,5609,3880,4184,2419
5920,5920,3763,4227,2518
5716,5716,3756,4251,2622
5512,5512,3928,3964,2163
5575,5575,4202,3914,2168
5708,5708,3506,4081,2334
5458,5458,3792,3879,2122
5619,5619,3842,4388,2487
5673,5673,3862,3746,2128
5653,5653,3570,4198,2277
5516,5516,4641,3908,2154
5492,5492,3815,3850,2096
5598,5598,3913,3966,2299
5631,5631,3854,3726,2058
5543,5543,3836,3919,2194
5556,5556,3899,4126,2372
5668,5668,4056,3963,2120
5752,5752,3908,3764,2187
5564,5564,3875,3901,2214
5826,5826,3830,3858,2098
5922,5922,3823,3849,2102
5527,5527,3812,3780,2385
5720,5720,4284,3841,2204
5802,5802,3857,3986,2014
6023,6023,3842,3840,2089
5727,5727,3821,3903,2153
5681,5681,3815,3865,2201
5754,5754,3881,3948,2117
5548,5548,3888,3928,2278
5532,5532,3834,3785,2120
5545,5545,3899,3865,2122
5575,5575,3881,3743,2067
5665,5665,3824,3897,2102
5779,5779,3818,4080,2197
5543,5543,3985,3911,2183
5504,5504,3812,4205,2437
5604,5604,3953,3901,2227
5561,5561,3846,3803,2073
5584,5584,4216,4159,2429
5688,5688,3788,4041,2018
5808,5808,3812,3812,2097
5514,5514,3834,4144,2523
5514,5514,3869,3954,2194
5540,5540,3829,3968,2250
5501,5501,4292,3944,2244
5471,5471,3935,3780,2106
5608,5608,3842,3914,2171
5970,5970,3992,3599,2239
5580,5580,3855,4073,2346
6205,6205,3796,4325,2559
5596,5596,4196,4085,2335
5522,5522,3836,3789,2138
5635,5635,3818,3862,2074
5589,5589,3787,3809,2036
5638,5638,3804,3968,2299
5659,5659,4258,3914,2029
5544,5544,3791,3915,2135
5491,5491,3809,3763,2137
5491,5491,4264,3887,2136
5484,5484,3828,3862,2155
5815,5815,3857,4094,2176
5504,5504,4270,3758,2113
5462,5462,4028,3837,2150
5511,5511,3894,4093,2396
5676,5676,4181,3770,2221
5584,5584,3783,4025,2223
5627,5627,3816,3867,2216
5958,5958,3879,3718,2136
5616,5616,3790,4024,2262
5596,5596,3855,4229,2484
5487,5487,4752,3869,2161
5585,5585,3849,3891,1981
5629,5629,3801,3864,2069
5565,5565,3825,3816,2145
5542,5542,3870,3895,2157
5710,5710,3853,3821,2069
5521,5521,4262,3879,2136
5535,5535,3823,4033,2391
5631,5631,4301,3849,2199
5473,5473,3867,3821,2104
5809,5809,3812,4023,2284
5759,5759,3773,3975,2242
5531,5531,3855,3924,2241
5494,5494,3882,3826,2093
5784,5784,4180,3867,2104
5509,5509,3817,4008,2133
5525,5525,3766,3834,2056
5667,5667,3855,3986,2249
5494,5494,3639,4109,2366
5496,5496,3855,3885,2131
5493,5493,4214,3770,2138
5493,5493,3836,3820,2116
5520,5520,4263,3999,2247
5473,5473,4231,3684,2144
5513,5513,3929,3764,2142
5510,5510,3757,3747,2114
5536,5536,4236,4035,2255
5643,5643,3880,3874,2113
5510,5510,3824,3987,2242
5685,5685,3941,3852,1972
5662,5662,4002,3811,2206
5576,5576,3825,4218,2475
5485,5485,4290,4180,2364
5647,5647,3862,3825,2070
5564,5564,3829,3838,2080
5499,5499,3948,3834,2077
5548,5548,4209,3770,2135
5551,5551,3822,5454,3717
5523,5523,3943,3862,2333
5489,5489,3870,3742,2333
5484,5484,3988,3917,2219
5476,5476,3774,3844,2107
5505,5505,4258,3778,2116
5524,5524,3803,3901,2204
5925,5925,3857,3862,2073
5521,5521,3819,3761,2327
5527,5527,3797,3805,2154
5549,5549,3924,3623,2109
5491,5491,4270,3806,2090
5686,5686,3739,3886,1998
5661,5661,3846,3897,2136
5519,5519,3743,3903,2171
5476,5476,4165,3720,2107
5534,5534,3840,3780,2012
5614,5614,4377,3850,2198
5522,5522,4205,3716,2068
5480,5480,4169,3743,2135
5527,5527,3822,3861,2131
5692,5692,3836,3941,2174
5621,5621,3717,4614,2827
5538,5538,3803,4604,2590
5522,5522,3840,3772,2120
5556,5556,4277,4192,2422
5627,5627,3918,3841,2119
5558,5558,4197,3823,2189
5808,5808,3847,3882,2208
5516,5516,3552,4166,2478
5493,5493,3856,3774,2187
5517,5517,4180,3854,2195
5621,5621,3817,3780,2161
5655,5655,4001,3881,2251
5561,5561,3832,3832,2163
5701,5701,3814,3873,2115
5605,5605,3857,3741,2109
5824,5824,4194,3795,2077
5465,5465,3796,3703,2128
5662,5662,4152,4202,2486
5820,5820,3781,3876,2121
5480,5480,3799,3913,2166
5526,5526,3815,4282,2642
5504,5504,4225,3780,2146
5672,5672,3780,3934,2027
5595,5595,3875,3855,2036
5497,5497,3803,4090,2330
5661,5661,3803,3816,2064
5639,5639,3863,3751,1981
5606,5606,3930,3968,2285
5834,5834,3862,3710,2102
5467,5467,3765,3918,2179
5466,5466,3770,3789,2059
5466,5466,3855,3899,2114
5554,5554,3879,3718,2200
5609,5609,3819,3928,2195
5490,5490,3746,4132,2420
5503,5503,3954,3896,2147
5875,5875,3914,3798,2129
5671,5671,4213,3972,2201
5714,5714,3825,3846,2054
5565,5565,3779,3873,2063
5469,5469,3836,3800,2166
5548,5548,3850,3994,2095
5504,5504,3817,3739,2031
5480,5480,4281,4008,2334
5506,5506,4291,3722,2137
5523,5523,3832,3772,2252
5464,5464,3900,3774,2082
5564,5564,3803,3898,2157
5517,5517,3844,4234,2496
5744,5744,4231,4062,2394
5623,5623,3873,3859,2110
5757,5757,3764,3828,2228
5543,5543,3954,3821,2167
5556,5556,4031,4107,2249
5688,5688,3762,3882,1944
5587,5587,3863,3932,2092
5460,5460,4086,3773,2127
5451,5451,4177,3892,2102
5530,5530,3871,3856,2038
5475,5475,3834,3954,2215
5530,5530,3840,3687,2116
5502,5502,3829,3957,2162
5510,5510,3860,4118,2374
5556,5556,4205,3837,2171
5493,5493,3955,3922,2146
5534,5534,3763,3866,2112
5506,5506,4254,4084,2298
5649,5649,3928,3918,2227
5530,5530,3613,3972,2276
5517,5517,4313,3888,2173
5703,5703,3864,3841,2036
5534,5534,3859,3775,2098
5622,5622,3767,3813,2052
5710,5710,3988,3615,2125
5504,5504,3909,3787,2035
5506,5506,4299,3914,2230
5498,5498,3882,4063,2379
5563,5563,4250,3820,2095
5547,5547,4240,4095,2104
5695,5695,3836,3857,2142
5924,5924,3905,3989,2085
5510,5510,4054,3922,2159
5724,5724,3807,3800,2241
5635,5635,4258,4124,2331
5642,5642,3990,3908,2140
5499,5499,3806,3905,2134
5658,5658,3658,4192,2320
5601,5601,4136,3992,2193
5788,5788,3810,3822,2036
5499,5499,4185,3880,2119
5549,5549,3794,4029,2302
5582,5582,3883,3899,2236
5540,5540,3869,3814,2073
5569,5569,3811,3840,2197
5519,5519,3869,4104,2390
5628,5628,4272,3806,2151
5507,5507,3812,3932,2188
5580,5580,3968,3947,2181
5525,5525,3774,3796,2139
5528,5528,3796,3869,2122
5687,5687,3886,4158,2419
5634,5634,4623,3908,2146
5860,5860,3791,3860,1970
5540,5540,3960,3954,2194
5553,5553,3982,4024,2318
5444,5444,3866,3921,2165
5492,5492,3500,4079,2346
5581,5581,3877,3998,2234
5589,5589,3849,3717,2108
5484,5484,3857,3856,2099
5505,5505,3911,3825,2049
5472,5472,4206,3736,2109
5487,5487,4045,3784,2313
5491,5491,3783,4006,2224
5437,5437,4119,3809,2282
5627,5627,3668,3995,2402
5581,5581,3938,3759,2141
5635,5635,4244,4027,2151
5649,5649,3794,3880,2075
5537,5537,3779,3847,2063
5735,5735,3509,4160,2316
5933,5933,3954,3819,2141
5487,5487,3575,4101,2346
5570,5570,4275,3921,2157
5515,5515,3936,3848,2168
5517,5517,3787,3813,2171
5671,5671,3776,3864,2210
5725,5725,3775,3843,2150
5617,5617,3797,4261,2480
5524,5524,4048,4338,2870
5496,5496,3527,4187,2503
5770,5770,4352,3918,2115
5657,5657,3831,3722,2090
5731,5731,3784,3921,2205
5819,5819,3834,4229,2310
5769,5769,4073,3851,2105
5569,5569,3875,5289,3647
5523,5523,3953,4199,2431
5635,5635,3650,3997,2255
5517,5517,3898,3916,2150
5528,5528,3903,3707,2141
5953,5953,3816,4041,2225
5618,5618,3869,3951,2167
5598,5598,4186,3850,2102
5605,5605,3813,3916,2160
5615,5615,4178,4022,2246
5695,5695,3929,3777,2083
5529,5529,4010,3784,2166
5602,5602,3752,4140,2428
5609,5609,4192,3773,2175
5737,5737,3897,3967,2033
5498,5498,3750,4205,2454
5506,5506,3704,3908,2139
5551,5551,3854,3780,2151
5665,5665,3839,3842,2067
5581,5581,3987,4310,2353
6162,6162,4012,3804,2195
5878,5878,4033,3828,2162
5578,5578,4166,3796,2161
5623,5623,3790,3857,2129
5589,5589,3761,4179,2413
5654,5654,3855,4258,2469
5734,5734,3918,4117,2390
5503,5503,3643,3909,2208
5688,5688,3725,4023,2291
5572,5572,4316,3908,2170
5633,5633,3883,3803,2004
5498,5498,3804,3950,2242
5607,5607,3854,3729,2115
5699,5699,3827,3911,2082
5688,5688,4399,3913,2197
5625,5625,4260,3919,2204
5628,5628,3950,3876,2181
5655,5655,3842,3897,2095
5543,5543,3789,3854,2104
5555,5555,5214,2761,3133
5445,5445,3815,4285,2541
5552,5552,4207,3921,2147
5798,5798,3852,3806,2060
5549,5549,3821,3851,2125
5524,5524,4225,3990,2127
5589,5589,3843,3935,2152
6030,6030,4155,3898,1982
5920,5920,3864,3829,2062
5966,5966,3831,3837,2114
5518,5518,4206,3916,2144
5631,5631,3576,4098,2379
5496,5496,4234,3919,2175
5510,5510,3862,3726,2050
5660,5660,3848,3870,2083
5630,5630,3801,4150,2424
5579,5579,4232,3823,2116
5468,5468,4070,4062,2372
5609,5609,3694,3990,2195
5625,5625,3763,3850,2080
5823,5823,3837,3818,2267
5630,5630,3874,3839,2077
5596,5596,4257,3754,2102
5747,5747,3526,4086,2157
5558,5558,3822,3888,2132
5472,5472,4056,3894,2147
5551,5551,3776,3802,2142
5510,5510,3635,4065,2306
5511,5511,4066,4332,2563
5617,5617,4037,4249,2526
5490,5490,4605,3848,2146
5444,5444,3844,4020,2140
5482,5482,3725,4039,2260
5441,5441,3817,3942,2155
5528,5528,3830,4196,2438
5512,5512,3691,3895,2164
5532,5532,4225,4107,2357
5542,5542,3809,4201,2481
5538,5538,3848,3844,2077
5676,5676,3851,4223,2317
5530,5530,3839,4252,2499
5754,5754,3841,4044,2214
5495,5495,4399,3895,2041
5488,5488,3788,3902,2307
5510,5510,3861,4218,2434
5549,5549,3864,3728,2120
5677,5677,3823,3839,2078
5795,5795,3802,3877,2114
5651,5651,4446,3815,2075
5660,5660,3763,4213,2354
5602,5602,3844,3975,2240
5483,5483,3783,3912,2134
5675,5675,3947,3819,2090
5569,5569,3891,4205,2504
5495,5495,4137,3856,2099
5688,5688,3746,3913,1969
5746,5746,3812,3880,2195
5602,5602,3768,3767,2134
5684,5684,3844,3880,2229
5477,5477,3811,3803,2037
5470,5470,3963,3983,2227
5536,5536,3988,3710,2196
5570,5570,3803,3859,2427
5567,5567,3854,4146,2390
5465,5465,4204,3831,2083
5512,5512,3835,4030,2280
5642,5642,3841,3891,2107
5492,5492,3801,4205,2443
5588,5588,3834,3874,2100
5522,5522,3799,3804,2122
5520,5520,4327,3809,2142
5662,5662,3799,3843,1957
5405,5405,3958,3990,2268
5674,5674,3809,3873,2121
5513,5513,3800,3811,2089
5546,5546,3816,3775,2071
5448,5448,4385,3983,2229
5522,5522,3895,3764,2054
5556,5556,3696,3846,2040
5483,5483,3794,3882,2144
5539,5539,3792,3978,2078
5517,5517,3773,4309,2566
5520,5520,3814,4331,2558
5477,5477,3796,3731,2124
5602,5602,4748,4094,2198
5678,5678,3860,3785,1922
5510,5510,4354,3895,2100
5824,5824,3550,4233,2369
5541,5541,3777,4027,2264
5890,5890,3849,3776,2037
5499,5499,4206,3831,2112
5613,5613,3875,3804,2181
5608,5608,3928,3942,2163
5543,5543,3827,3816,2092
5405,5405,4258,3828,2068
5675,5675,3843,3781,2056
5566,5566,4210,3873,2070
5566,5566,3803,3929,2235
5554,5554,3804,3875,2190
6125,6125,3804,3889,1661
5649,5649,3927,3917,2152
5635,5635,3808,4467,2709
5523,5523,4140,4215,2419
5656,5656,3908,3906,2036
5481,5481,3881,3776,2243
5551,5551,4094,3827,2082
5920,5920,3825,3882,2094
5472,5472,3830,3858,2135
5467,5467,3882,4221,2478
5655,5655,3894,3880,2230
5673,5673,3946,3998,2227
5651,5651,3767,3903,2104
5517,5517,3991,3783,2129
5543,5543,3901,3893,2196
5459,5459,4039,3903,2115
5477,5477,3753,3789,2328
5517,5517,3798,3891,2155
5524,5524,4096,3777,2059
5853,5853,4229,3839,2198
5669,5669,3818,4074,2288
5582,5582,3823,3931,2164
5463,5463,3785,3838,2124
5537,5537,3879,3823,2094
5615,5615,3895,3910,2169
5499,5499,4321,3907,2304
5472,5472,3906,3755,2115
5542,5542,3826,3813,2113
5561,5561,3911,3901,2142
5527,5527,3840,4069,2115
5644,5644,3860,4449,2711
5522,5522,4206,4350,2371
5642,5642,3862,3777,2043
5517,5517,3790,3955,2160
5557,5557,3810,3802,2148
5523,5523,4204,3874,2217
5632,5632,3800,3955,2042
5649,5649,3791,3895,2236
5525,5525,3819,3849,2069
6013,5851,6013,3780,3519
5546,5546,3873,3848,2118
5745,5745,3878,3862,2212
5492,5492,3865,3902,2196
5695,5695,3928,3831,2155
5437,5437,3821,3709,2348
5553,5553,4197,3851,2162
5463,5463,3881,3941,2179
5738,5738,3816,3869,2219
5517,5517,3936,3791,2198
5655,5655,4184,3977,2116
5635,5635,3830,3733,2132
5510,5510,3993,4185,2448
5646,5646,3828,3943,2015
5467,5467,4284,3804,2155
5948,5948,3780,3954,2214
5444,5444,3829,3829,2100
5484,5484,3843,3781,2056
5523,5523,3951,4196,2375
5549,5549,3875,4141,2468
5653,5653,4264,4005,2240
5473,5473,4156,3732,2029
5526,5526,3885,3827,2140
5503,5503,3821,3977,2234
5597,5597,3961,3915,2212
5485,5485,3845,3795,2148
5502,5502,4677,3798,2043
5579,5579,3807,3794,2131
5505,5505,3826,3874,2148
5725,5725,4014,4165,2270
5490,5490,3557,4073,2368
5541,5541,3855,4027,2333
5518,5518,4195,4161,2352
5518,5518,3594,3983,2234
5489,5489,3920,3948,2278
5494,5494,3919,3853,2191
5470,5470,3850,4126,2412
5837,5837,3939,3757,2135
5546,5546,3941,4217,2502
5574,5574,4139,3988,2214
5494,5494,3760,3928,2168
5511,5511,3541,4120,2342
5754,5754,3981,3790,2009
5596,5596,4181,3735,2327
5573,5573,4242,3915,2149
6231,6231,3793,3875,1993
5556,5556,3856,3791,2044
5458,5458,3755,3855,2144
5773,5773,3768,3858,2156
5609,5609,3812,3902,2160
5484,5484,3913,3900,2165
5879,5879,3809,3858,2101
5491,5491,4330,3775,2109
5527,5527,3848,3792,2074
5502,5502,4218,3919,2288
5613,5613,3776,4020,2240
5515,5515,3823,4078,2363
5494,5494,3826,3752,2320
5503,5503,3842,3876,2136
5543,5543,3768,3783,2055
5531,5531,4167,3860,2150
5730,5730,3838,3948,2077
5470,5470,3804,4103,2395
5635,5635,3838,4141,2497
5809,5809,3812,3910,2221
5478,5478,3631,4178,2254
5462,5462,4036,4044,2284
5582,5582,3860,4066,2370
5530,5530,3848,3859,2098
5613,5613,4210,3817,2097
5690,5690,3839,4152,2349
5511,5511,3806,3818,2338
5509,5509,3727,4343,2650
5469,5469,3844,3941,2227
5491,5491,4126,3845,2081
5642,5642,3929,3884,2117
5485,5485,4051,3821,2094
5656,5656,3768,4186,2285
5548,5548,3890,3839,2095
6978,6978,3815,3979,2260
5548,5548,4452,3745,2015
5590,5590,3603,4027,2281
5507,5507,3854,3955,2260
5507,5507,3690,3991,2339
5678,5678,4066,3849,2077
5488,5488,3579,3977,2234
5495,5495,4624,3779,2107
5675,5675,3832,3790,2260
5813,5813,4187,3933,2241
5582,5582,3915,3836,2095
5469,5469,3866,3911,2197
5758,5758,3836,3790,2343
5564,5564,4531,3819,2164
5669,5669,4065,3896,1994
5712,5712,3838,3930,2147
5503,5503,3823,3847,2086
5623,5623,3808,3801,2248
5506,5506,3765,3816,2137
5507,5507,3891,3997,2201
5649,5649,3879,3733,2121
5659,5659,3849,3784,2123
5656,5656,3895,4050,2312
5487,5487,3888,3837,2076
5618,5618,3819,3724,2157
5795,5795,3787,3885,1984
5520,5520,3825,3749,2272
5473,5473,3836,3875,2166
5549,5549,3896,3869,2142
5530,5530,4338,3821,2101
5780,5780,3846,4011,2145
5742,5742,3806,3862,2194
5542,5542,3644,3959,2225
5499,5499,3846,3873,2132
5652,5652,3803,3765,2096
5473,5473,4396,3997,2219
5448,5448,3940,3802,2133
5686,5686,4208,3796,2134
5659,5659,3657,4005,2294
5479,5479,3837,3888,2134
5496,5496,3791,4295,2521
5496,5496,4311,3894,2286
5760,5760,3789,3791,2075
5734,5734,3843,3761,2107
5536,5536,3961,4027,2289
5588,5588,3759,3937,2122
5646,5646,3757,3873,1980
5580,5580,3934,3789,2169
5459,5459,3539,4218,2536
5693,5693,4214,3824,2094
5589,5589,3737,3980,2222
5505,5505,3693,3984,2244
5728,5728,3888,3778,2099
5482,5482,3874,3802,2124
5487,5487,3824,4147,2386
5907,5907,4115,3893,2150
5535,5535,3823,4124,2366
5509,5509,3877,3930,2252
5723,5723,3935,3853,2093
5834,5525,5834,2488,3117
5577,5577,3791,3846,2128
5466,5466,3976,4028,2188
5684,5684,3878,3968,1990
5521,5521,3787,3853,2148
5503,5503,3814,3746,2119
5543,5543,4227,3817,2056
5667,5667,3616,4033,2294
5505,5505,4724,3865,2280
5489,5489,3945,4109,2458
5443,5443,4200,3799,2139
5488,5488,3854,3754,2037
5524,5524,3850,3790,2068
5523,5523,4350,3809,2285
5575,5575,3796,3914,2246
5506,5506,3817,3871,2110
5602,5602,4226,3849,2030
5784,5784,3791,3872,2083
5601,5601,3888,3837,2071
5662,5662,3789,4220,2346
5895,5895,3961,3946,2128
5511,5511,3832,3995,2241
5657,5657,4180,3756,2147
5435,5435,3788,3906,2074
5431,5431,3913,3911,2230
5489,5489,3867,3766,2149
5763,5763,3850,3814,2090
5479,5479,3803,3766,2140
5534,5534,4159,3837,2109
5565,5565,3885,3888,2100
5536,5536,3892,4009,2231
5445,5445,3810,3803,2052
5547,5547,3797,3911,2137
5566,5566,3655,4174,2434
5454,5454,4536,3785,2018
5738,5738,3891,3798,2055
5565,5565,3819,4003,2247
5661,5661,3796,3817,2073
5679,5679,3708,4002,2246
5627,5627,3823,3757,2182
5465,5465,3875,4325,2616
5500,5500,3841,3753,2188
5413,5413,3827,3827,2073
5474,5474,3811,3889,2145
5476,5476,4339,3720,2216
5541,5541,3954,4079,2324
5508,5508,3780,3928,2145
5522,5522,4170,4149,2407
5566,5566,3806,3937,2148
5623,5623,3848,3763,2150
5762,5762,4555,3879,2097
5683,5683,3848,3961,2056
5550,5550,3809,3789,2298
5441,5441,3780,3831,2086
5551,5551,3941,3870,2144
5490,5490,3839,3775,2232
5544,5544,4256,3924,2182
5481,5481,3924,3678,2148
5484,5484,3897,3803,2043
5461,5461,3933,3868,2194
5536,5536,3664,3962,2219
5528,5528,3830,4224,2480
5491,5491,3784,4320,2627
5471,5471,3862,3897,2143
5666,5666,4331,3910,2151
5553,5553,4228,3781,2079
5633,5633,3810,3884,2131
5689,5689,3769,4218,2343
5539,5539,4237,3899,2149
5539,5539,3745,4124,2418
5592,5592,4174,3888,2065
5502,5502,3570,4007,2272
5642,5642,3767,3942,2209
5664,5664,3783,3778,2027
5473,5473,3837,3806,2053
5917,5917,3898,3734,2130
5461,5461,4110,3957,2142
5543,5543,3929,3993,2217
5602,5602,3831,3881,2136
5657,5657,3941,3794,2233
5613,5613,3806,4034,2262
5797,5797,3762,4168,2457
5763,5763,4225,3837,2192
5857,5857,3808,3914,1964
6492,6492,3844,3854,2213
5488,5488,3786,3915,2307
5483,5483,3872,3851,2151
5618,5618,3856,3830,2127
5838,5838,3858,3877,2148
5505,5505,3902,3776,2092
5523,5523,3803,3862,2122
5575,5575,3858,3803,2094
5541,5541,3866,3779,2142
5511,5511,3912,3725,2166
5528,5528,3844,3837,2102
5500,5500,3599,4233,2478
5548,5548,3850,3844,2046
5559,5559,3980,3714,2229
5434,5434,4209,3881,2093
5636,5636,3884,3873,2098
5552,5552,4085,3816,2096
5499,5499,3812,3726,2051
5958,5958,3963,3925,2214
5563,5563,3858,3928,2213
5463,5463,4376,3862,2240
5706,5706,4221,3942,2130
5459,5459,3874,3749,2109
5490,5490,3781,3843,2099
5615,5615,3837,3861,2120
5514,5514,3894,3736,2420
5503,5503,4255,3849,2432
5413,5413,3897,3775,2071
5678,5678,3700,3930,2151
5536,5536,3928,3783,2056
5524,5524,3822,3833,2161
5677,5677,3866,3887,2116
5614,5614,4028,3791,2070
5453,5453,3789,3772,2126
5536,5536,4244,3835,2188
5497,5497,3842,4122,2370
5711,5711,4283,3892,2159
5563,5563,3868,3691,2125
5533,5533,3810,3930,2170
5488,5488,3920,4201,2457
5631,5631,4211,3851,2105
5606,5606,3841,3709,2155
5737,5737,3798,3936,2229
5495,5495,3834,3909,2148
5628,5628,3942,3884,2201
5506,5506,3803,3861,2095
5526,5526,4276,3772,2074
5844,5844,3763,3976,2211
5518,5518,3848,3817,2098
5645,5645,3763,3783,2065
5592,5592,3849,3796,2103
5442,5442,3834,3712,2074
5458,5458,4246,3996,2243
5504,5504,3896,4126,2452
5595,5595,4152,4066,2359
5602,5602,4695,3048,2594
5502,5502,4234,3961,2142
5533,5533,3810,3729,2205
5566,5566,3808,3921,2178
5471,5471,3808,3790,2041
5497,5497,4208,3861,2126
5620,5620,3770,3944,2189
5539,5539,4282,3908,2115
5915,5915,4078,4207,2327
5514,5514,3787,3875,2083
5514,5514,3930,3762,2087
5629,5629,4561,3875,2113
5643,5643,3828,4197,2415
5529,5529,3876,3951,2284
5528,5528,3830,3709,2092
5576,5576,3588,4022,2224
5574,5574,4288,3770,2129
5534,5534,4193,4001,2066
5515,5515,4022,4105,2392
5503,5503,3741,3888,2240
5572,5572,3719,4079,2355
5507,5507,3781,3825,2060
5483,5483,3904,3777,2233
5506,5506,3929,4107,2452
5576,5576,3844,4164,2283
5616,5616,3548,4025,2276
5507,5507,3850,3777,2177
5619,5619,3968,3797,2108
5642,5642,3800,3762,2133
5629,5629,4299,3974,2193
5544,5544,3832,3872,2211
5521,5521,3879,3789,2168
5495,5495,3830,3827,2091
5563,5563,4201,4030,2285
5523,5523,3831,3937,2161
5497,5497,3730,3876,2132
5483,5483,3845,3777,2319
5472,5472,3927,3822,2189
5499,5499,3849,3749,2094
5536,5536,4948,3832,2047
5623,5623,3964,3691,1955
5631,5631,3816,3952,2166
5502,5502,3757,3841,2108
5579,5579,3878,3765,2156
5687,5687,3792,3879,2123
5611,5611,4369,3868,2267
5497,5497,3802,3836,2169
5503,5503,3788,3835,2165
5629,5629,3746,3784,2138
5523,5523,4076,3882,2108
5884,5884,3787,3775,2438
5822,5822,3743,4465,2690
5525,5525,3529,4203,2380
5497,5497,4263,3854,2091
5568,5568,4077,3722,2148
5505,5505,4046,3555,2156
5707,5707,3908,4113,2293
5595,5595,3954,3897,2059
5463,5463,3739,3766,2026
5541,5541,4218,3901,2147
5610,5610,3927,3740,2143
5474,5474,3863,3927,2128
5484,5484,3881,3998,2346
5462,5462,3708,3998,2259
5542,5542,3767,3919,2138
5504,5504,4192,3949,2163
5456,5456,4239,3881,2089
5627,5627,3692,3987,2223
5580,5580,3771,3829,2090
5495,5495,3803,3838,2033
5434,5434,3927,4152,2496
5534,5534,4182,3751,2101
5691,5691,3774,3882,1981
5522,5522,3805,3875,2081
5450,5450,3818,3873,2085
5767,5767,3952,3825,2090
5619,5619,3774,3854,2069
5490,5490,3813,3951,2236
5462,5462,3864,3817,2094
7515,7515,4609,3860,2097
5724,5724,3926,3789,2063
5594,5594,3915,3728,2023
5750,5750,3878,3942,2206
5558,5558,3729,3928,2161
5546,5546,4710,4199,2437
5510,5510,4126,4060,2341
5567,5567,3845,3830,2198
5495,5495,4192,3894,2091
5629,5629,3608,4044,2150
5493,5493,3720,3843,2157
5465,5465,3623,4031,2321
5617,5617,3810,3917,2127
5638,5638,3849,3745,2083
5477,5477,4261,3962,2199
5494,5494,3796,3971,2308
5577,5577,3836,3774,2107
5580,5580,3800,3815,2008
5500,5500,3673,3871,2148
5492,5492,3872,4294,2578
6340,6340,4144,3919,1399
5642,5642,3774,3781,2011
5540,5540,3729,4034,2281
5609,5609,3956,3788,2158
5461,5461,4165,3850,2093
5637,5637,3783,4086,2225
5593,5593,3797,3890,2132
5474,5474,4154,3833,2114
5582,5582,4199,3835,2139
5495,5495,3911,3814,2057
5471,5471,3851,3952,2194
5509,5509,4296,3744,2087
5588,5588,3847,3780,2125
5474,5474,3778,3743,2316
5502,5502,4538,3844,2107
5508,5508,3618,4154,2429
5523,5523,4006,3888,2217
5516,5516,3732,3833,2092
5556,5556,3851,3835,2055
5471,5471,3660,4040,2293
5507,5507,3912,4218,2465
5862,5862,3781,3845,1984
5529,5529,3833,3843,2169
5460,5460,3787,3904,2130
5477,5477,3799,3906,2122
5669,5669,3733,3794,2059
5517,5517,4337,3911,2238
5657,5657,3887,4151,2445
5414,5414,3920,4190,2437
5502,5502,3949,3758,2171
5494,5494,3809,3818,2126
5482,5482,3760,3947,2191
5440,5440,3712,4034,2215
5456,5456,3752,3835,2111
5440,5440,4197,3762,2065
5510,5510,3983,3653,2122
5510,5510,3815,3774,2007
5591,5591,3790,4225,2348
5536,5536,3841,3927,2156
5560,5560,4667,3121,2554
5553,5553,4180,3864,2203
5530,5530,3787,3883,2243
5529,5529,3832,3949,2148
5488,5488,3888,3757,2131
5441,5441,3830,3937,2201
5407,5407,3764,3812,2062
5618,5618,4199,3833,2104
5505,5505,3771,3939,2228
5548,5548,3759,3918,2156
5572,5572,3767,3912,2118
5508,5508,3862,3804,2135
5415,5415,3848,4165,2444
5481,5481,4302,3950,2128
5645,5645,3709,3948,2041
5570,5570,3727,3846,2104
5451,5451,3844,4084,2365
5470,5470,3735,3948,2155
5521,5521,3844,3888,2101
5455,5455,3849,3981,2224
5474,5474,3842,3786,2115
5432,5432,3789,4001,2249
5565,5565,3837,3822,2079
5466,5466,4252,3887,2130
5681,5681,3930,3972,2200
5553,5553,3770,3814,2189
5554,5554,3748,3824,2331
5444,5444,3887,3918,2109
5556,5556,3888,3784,2040
5560,5560,4146,3854,2070
5645,5645,3862,3865,1964
5511,5511,3789,3855,2073
5565,5565,3810,3809,2058
5489,5489,3881,3878,2135
5538,5538,3828,3762,2109
5489,5489,4212,3946,2176
5513,5513,3935,3828,2086
5507,5507,3727,3901,2150
5517,5517,3631,3864,2148
5545,5545,3929,3858,2104
5854,5854,4042,4221,2476
5501,5501,3748,4278,2533
5542,5542,3795,3919,2143
5708,5708,4215,3796,2065
5504,5504,3875,4055,2299
5427,5427,3804,3796,2169
5667,5667,3797,4280,2379
5649,5649,3774,3919,2188
5584,5584,3737,3836,2084
5485,5485,4333,3844,2114
5515,5515,3635,3888,2119
5471,5471,3831,3943,2188
5624,5624,3827,3699,2090
5509,5509,3821,3946,2151
5484,5484,3882,3734,2043
5509,5509,4141,3830,2092
5593,5593,3781,3936,2197
5733,5733,3759,4007,2241
5478,5478,3788,3806,2118
5532,5532,3790,3881,2037
5544,5544,3741,4235,2457
5505,5505,4214,3902,2161
5643,5643,3847,3955,2074
5561,5561,3734,3964,2175
5498,5498,3823,3834,2098
5447,5447,3795,3859,2100
5504,5504,3747,3849,2099
5651,5651,3821,3898,2156
5572,5572,3979,3754,2123
5444,5444,3794,3891,2107
5613,5613,3801,3818,2068
5542,5542,3848,3842,2085
5601,5601,3812,3817,2076
5470,5470,3876,3803,2227
5535,5535,3778,4123,2382
5546,5546,3826,3881,2154
5484,5484,3836,3816,2079
5739,5739,4175,3849,2109
5632,5632,4228,3866,1969
5622,5622,3905,3849,2070
6421,6421,3878,3789,2023
5518,5518,3852,3892,2160
5735,5735,3545,4194,2480
5453,5453,4328,3840,2114
5454,5454,3870,3714,2159
5808,5808,4100,4091,2346
5530,5530,3862,3807,2086
5576,5576,3850,3862,2039
5484,5484,3817,4401,2638
5517,5517,4115,3963,2142
5500,5500,3807,3715,2092
5494,5494,3800,3816,2157
5480,5480,3764,3964,2213
5516,5516,3837,3844,2161
5673,5673,3875,3847,1938
5463,5463,3801,3818,2074
5463,5463,3861,3874,2131
5447,5447,4666,3822,2087
5501,5501,3764,3809,2083
5725,5725,3857,3831,2222
7297,7297,4240,4020,710
5504,5504,4200,3869,2082
5496,5496,4160,3732,2279
5510,5510,4199,3809,2055
5449,5449,3851,4007,2234
5448,5448,3687,3925,2200
5569,5569,3775,3764,2171
5498,5498,3795,3833,2089
5558,5558,3972,3862,2141
5487,5487,4206,3798,2141
5627,5627,3813,4001,2103
5594,5594,3810,3862,2132
5507,5507,3788,3812,2118
5531,5531,3949,3874,2079
5542,5542,3796,3769,2061
5477,5477,4231,3987,2265
5675,5675,3935,3664,2314
5459,5459,4165,3913,2094
5596,5596,4247,3810,2105
5462,5462,4185,3858,2114
5553,5553,3766,3969,2215
5445,5445,3907,4068,2454
5507,5507,3644,3981,2280
5471,5471,4242,3997,2247
5507,5507,3872,3819,2067
5576,5576,3751,3818,2027
5616,5616,3534,4358,2485
5648,5648,3800,3882,2188
5498,5498,4170,4168,2226
5471,5471,4651,3872,2080
5691,5691,3545,4041,2288
5495,5495,4141,3963,2201
5488,5488,3533,3981,2306
5491,5491,3521,4197,2512
5455,5455,3841,3808,2164
5448,5448,4322,3812,2173
5537,5537,3908,4352,2615
5474,5474,3708,3988,2212
5448,5448,4349,3791,2108
5563,5563,3829,3806,2035
5416,5416,3985,4126,2430
5461,5461,4126,4024,2280
5715,5715,3773,4151,2217
5513,5513,3782,4006,2015
5481,5481,3790,3748,2024
5587,5587,4013,3933,2207
5531,5531,3764,3755,2004
5536,5536,3823,3968,2212
5565,5565,3961,3623,2168
5396,5396,3894,3773,2116
5537,5537,3833,3716,2122
5504,5504,4216,3746,2098
5450,5450,4043,3973,2218
5438,5438,3787,3939,2227
5493,5493,3784,3706,2278
5444,5444,4019,3658,2175
5648,5648,3873,3793,2067
5470,5470,4165,3965,2181
5655,5655,3638,3930,2013
5564,5564,3790,3897,2094
5457,5457,3789,4030,2280
5490,5490,3816,3794,2075
5458,5458,3524,4007,2285
5559,5559,4297,3871,2143
5474,5474,3854,3667,2035
5480,5480,3536,4005,2279
5455,5455,3792,3822,2082
5592,5592,3791,3958,2161
5510,5510,3769,4192,2451
5506,5506,3852,4334,2581
5630,5630,3888,3778,2072
5526,5526,4187,3819,2060
5620,5620,3888,3838,2095
5461,5461,3875,3822,2075
5665,5665,3751,4236,2354
5514,5514,3836,3835,2107
5522,5522,3821,3811,2171
5510,5510,4214,3844,2082
5567,5567,3762,3815,2067
5626,5626,3871,3845,2090
5504,5504,3954,3733,2139
5452,5452,3845,3901,2151
5465,5465,3809,3787,2038
5522,5522,4179,3803,2029
5627,5627,4178,3867,2065
5552,5552,3734,3948,2150
5687,5687,3793,3938,2190
5536,5536,3783,3794,2041
5513,5513,3886,3799,2337
5558,5558,4189,3811,2032
5639,5639,3796,3858,1946
5523,5523,3779,3798,2047
5492,5492,3819,3873,2122
5497,5497,3831,3968,2181
5549,5549,3781,3846,2109
5441,5441,3923,3945,2192
5462,5462,3809,3718,2088
5554,5554,3938,3912,2118
5621,5621,3790,3824,2081
5639,5639,3892,3897,2173
5496,5496,3761,3917,2168
5542,5542,3806,3996,2236
5490,5490,3870,4210,2477
5506,5506,3869,3767,2010
5446,5446,3823,3771,2020
5478,5478,4057,3902,2161
5642,5642,3789,3888,2045
5514,5514,3892,3899,2110
5868,5868,3981,3813,2040
5471,5471,4156,3854,2046
5450,5450,3843,3796,2166
5510,5510,4256,3929,2272
5485,5485,3891,4054,2392
5405,5405,3816,3783,2082
5483,5483,3887,3834,2091
5479,5479,3760,4047,2309
5438,5438,3612,4266,2517
5638,5638,4126,3834,2176
5433,5433,3761,3821,2096
5748,5550,3757,5748,3957
5428,5428,3847,3820,2078
5478,5478,3825,3914,2119
5610,5610,3767,3889,2020
5536,5536,4269,3895,2134
5472,5472,3770,3774,2121
5478,5478,4588,3858,2096
5526,5526,3869,3713,2010
5510,5510,3875,3953,2222
5479,5479,3574,3964,2317
5485,5485,3873,3880,2066
5472,5472,3853,4121,2407
5444,5444,4168,3870,2120
5508,5508,3791,3855,2116
5536,5536,3730,3932,2133
5484,5484,3802,3835,2096
5488,5488,3801,3785,2129
5500,5500,3874,3788,2153
5527,5527,4312,3861,2135
5628,5628,3578,4050,2151
5630,5630,3803,3806,2087
5475,5475,3741,3820,2075
5575,5575,3796,3854,2125
5466,5466,3589,4104,2372
5457,5457,4241,3872,2161
5483,5483,3876,4098,2447
5577,5577,4151,3819,2142
5541,5541,3810,4072,2333
5680,5680,3786,3844,2069
5549,5549,3940,3911,2187
5513,5513,3506,4098,2373
5589,5589,3794,3759,2150
5536,5536,4156,3906,2136
5599,5599,3898,3803,2060
5601,5601,3820,3850,2125
5628,5628,3771,3893,2302
5639,5639,3813,4025,2276
5444,5444,3936,3778,2101
5475,5475,4188,3836,2060
5541,5541,3758,3782,2075
5515,5515,3836,3904,2263
5580,5580,3952,3687,2167
5502,5502,3753,3874,2111
5630,5630,3778,3810,2039
5449,5449,4198,3854,2117
5541,5541,3770,3917,2137
5499,5499,3719,3969,2304
5506,5506,3762,3920,2191
5495,5495,3828,3715,2108
5505,5505,3906,4166,2410
5468,5468,4196,3798,2076
5604,5604,3810,3878,1998
5740,5740,3808,3922,2154
5579,5579,3797,3757,2026
5463,5463,3817,3787,2055
5597,5597,3803,3774,2088
5565,5565,3836,3973,2185
5434,5434,3876,3804,2105
5488,5488,3842,3859,2148
5627,5627,4239,3347,2034
5521,5521,4204,3791,2045
5593,5593,3805,3743,2160
5450,5450,3828,3914,2171
5477,5477,3796,4112,2394
5541,5541,3849,3766,2121
5570,5570,3836,3797,2058
5595,5595,4261,3855,2075
5640,5640,4020,3834,1986
5749,5749,3828,4079,2324
5510,5510,3800,3768,2047
5531,5531,3819,3874,2042
5605,5605,3856,3781,1934
5592,5592,4254,3889,2161
5553,5553,3872,3770,2085
5714,5714,3856,3862,2110
5487,5487,3757,3904,2151
5584,5584,3902,3824,2080
5818,5818,3826,4735,2993
5479,5479,3725,4354,2562
5586,5586,3851,3817,1944
5512,5512,4359,3841,2092
5512,5512,3838,3809,2068
5455,5455,3507,4065,2312
5608,5608,3793,4257,2406
5583,5583,3861,3829,2202
5470,5470,3856,3799,2150
5484,5484,4191,3855,2088
5559,5559,3551,4258,2483
5578,5578,3841,3903,2148
5589,5589,3873,3798,2159
5461,5461,3821,3803,2073
5442,5442,3877,4273,2522
5460,5460,4198,3852,2075
5629,5629,3770,3907,2144
5533,5533,3703,3873,2137
5502,5502,3867,3780,2108
5590,5590,3777,3799,2160
5434,5434,3788,4193,2441
5535,5535,4239,3744,2082
5642,5642,3833,3920,2023
5634,5634,3878,4090,2280
5457,5457,3862,3725,2121
5499,5499,3806,3806,2158
5519,5519,3892,3769,2060
5536,5536,3954,3902,2237
5510,5510,3936,3689,2146
5718,5718,3768,3810,2078
5479,5479,3709,3818,2071
5515,5515,3785,3799,2178
5494,5494,3699,3959,2193
5562,5562,3688,4140,2144
5619,5619,3798,4207,2464
5561,5561,3881,3859,2082
5567,5567,3858,3788,2096
5448,5448,4139,3853,2094
5673,5673,3744,3853,1948
5539,5539,3871,3866,2142
5451,5451,3804,3853,2089
5550,5550,3932,4040,2238
5540,5540,3673,3875,2135
5410,5410,4207,3827,2209
5530,5530,3804,3741,2180
5543,5543,3933,3889,2131
5432,5432,3875,3811,2097
5471,5471,4173,3800,2049
5524,5524,3797,4365,2568
5441,5441,4140,3930,2192
5604,5604,3836,3746,1998
5449,5449,3808,3880,2122
5484,5484,3775,3809,2099
5511,5511,3754,3888,2098
5659,5659,3845,3878,2001
5415,5415,3971,3945,2195
5581,5581,3801,3804,2103
5663,5663,4183,3794,2014
5859,5859,3762,3787,2027
5502,5502,3821,3915,2164
5504,5504,3878,3864,2134
5517,5517,3888,3810,2055
5599,5599,3775,4202,2431
5501,5501,4205,3926,2190
5654,5654,3875,3835,2052
5509,5509,3623,3935,2153
5469,5469,3797,3849,2139
5690,5690,3869,3857,2087
5432,5432,3847,3827,2231
5484,5484,4615,3806,2133
5687,5687,3809,3886,1979
5489,5489,3871,3769,2025
5422,5422,3762,3738,2031
5709,5709,3912,3834,2208
5526,5526,3774,3851,2112
5487,5487,4235,3934,2124
5529,5529,4290,4122,2475
5585,5585,4574,3845,2098
5652,5652,3809,3759,2160
5595,5595,3876,3892,2144
5503,5503,3793,4017,2239
5599,5599,4594,3921,2101
5638,5638,3819,3786,1989
5510,5510,4237,3795,2043
5794,5794,3939,3787,2126
5563,5563,4208,3793,2046
5642,5642,3839,4235,2361
5486,5486,3635,4010,2305
5536,5536,4132,3847,2179
5496,5496,4221,3871,2154
5525,5525,3772,3794,2075
5538,5538,3809,3853,2201
5592,5592,4246,3443,2193
5556,5556,3779,3779,2053
5459,5459,3848,3817,2123
5435,5435,4142,3925,2115
5519,5519,3834,3946,2185
5496,5496,4496,3932,2176
5571,5571,3917,3807,2104
5557,5557,3746,3807,2167
5435,5435,3523,4139,2430
5466,5466,4231,3853,2237
5691,5691,3791,3913,1995
5530,5530,3927,3819,2145
5620,5620,3761,3802,2043
5459,5459,3736,3788,2066
5468,5468,3742,3867,2112
5573,5573,3968,3971,2191
5550,5550,3820,3699,2140
5520,5520,3773,3937,2112
5556,5556,3817,3915,2148
5624,5624,4378,3916,2172
5474,5474,3815,3981,2231
5799,5799,3743,4033,2262
5545,5545,3774,4126,2365
5525,5525,3950,3855,2114
5506,5506,3943,4034,2078
5504,5504,4180,3799,2141
5604,5604,4200,3943,2052
5435,5435,3839,3807,2071
5490,5490,3846,3812,2061
5525,5525,4158,3427,2154
5615,5615,3830,4027,2246
5549,5549,4428,3993,2275
5559,5559,4117,3564,2175
5556,5556,3822,3809,2068
5444,5444,3755,3837,2070
5477,5477,3803,3849,2046
5482,5482,3783,3789,2414
5572,5572,3701,4403,2649
5504,5504,4172,3769,2116
5503,5503,4234,3896,2111
5580,5580,3835,3818,2048
5455,5455,3901,3849,2119
5823,5823,3925,3677,2215
5991,5991,3755,4038,2158
5443,5443,3773,3828,2087
5555,5555,4565,3796,2148
5595,5595,4215,3828,2102
5633,5633,4217,3941,2090
5448,5448,3569,3964,2283
5699,5699,3835,3784,2046
5456,5456,3818,3797,2044
5468,5468,4243,3822,2051
5836,5836,4348,3921,2150
5511,5511,3721,3869,2122
5511,5511,3809,3800,2041
5414,5414,3843,3953,2175
5492,5492,3775,4152,2411
5439,5439,4234,3844,1999
5673,5673,3892,3824,2056
5511,5511,3864,3761,2045
5544,5544,3738,3782,2053
5464,5464,3893,3983,2223
5866,5866,4216,3825,2061
5515,5515,4262,3903,2150
5461,5461,3865,3838,2143
5543,5543,3819,3889,2131
5417,5417,3782,3762,2047
5522,5522,3775,3785,2040
5599,5599,3798,3944,2204
5500,5500,4121,3913,2271
5443,5443,3802,4184,2459
5770,5770,3881,3954,2234
5527,5527,3863,3849,2125
5467,5467,3894,3845,2058
5699,5699,3835,3900,2026
5413,5413,4214,3811,2118
5518,5518,3778,3765,2116
5465,5465,3923,3987,2197
5534,5534,3572,4053,2307
5445,5445,3881,3853,2237
5599,5599,3837,3784,2013
5520,5520,4183,3833,2125
5517,5517,3777,3795,2049
5470,5470,3841,3849,2123
5503,5503,3840,4182,2483
5555,5555,3737,4009,2235
5472,5472,3828,3760,2020
5892,5892,4126,3763,2045
5587,5587,3849,3814,2082
5617,5617,3801,3988,2188
5650,5650,3862,3898,2028
5516,5516,3875,3798,2169
5523,5523,3784,3922,2097
5532,5532,3749,3820,2046
5567,5567,3534,4032,2296
5634,5634,3767,3915,2159
5449,5449,3986,3559,2124
5530,5530,3862,3790,2055
5453,5453,3907,4155,2399
5550,5550,4221,3809,2043
5631,5631,3803,3954,2212
5471,5471,3752,3867,2275
5470,5470,3687,3817,2079
5452,5452,3783,3865,2105
5490,5490,3780,3901,2144
5468,5468,4211,3800,2030
5639,5639,3810,3840,2032
5474,5474,3817,3837,2104
5549,5549,3870,3871,2109
5671,5585,3836,5671,3970
5602,5602,3849,3841,2189
5613,5613,4256,3906,2147
5495,5495,3613,4167,2522
5505,5505,4363,3757,2198
5479,5479,4139,3805,2066
5493,5493,3774,3823,2045
5613,5613,3867,3947,2078
5455,5455,3731,3936,2212
5512,5512,3836,3837,2148
5522,5522,4205,3897,2176
5516,5516,3761,3893,2111
5444,5444,3769,3784,2033
5616,5616,3816,3874,2244
5471,5471,3792,3829,2109
5457,5457,3796,3749,2002
5485,5485,4283,3814,2052
5457,5457,3827,3711,2011
5476,5476,3855,3911,2305
5535,5535,3800,3779,2038
5546,5546,3893,3892,2145
5579,5579,3803,3862,2132
5459,5459,4196,3752,2020
5462,5462,3783,3783,2216
5610,5610,3738,3954,2184
5540,5540,3775,4218,2438
5468,5468,3704,4152,2433
5441,5441,3894,4141,2433
5463,5463,4177,3901,2118
5600,5600,3736,3916,2028
5501,5501,3793,3873,2143
5489,5489,3764,3818,2121
5758,5758,3776,3815,2047
5456,5456,3862,3820,2080
5447,5447,3814,3901,2188
5563,5563,3841,3814,2151
5639,5639,3763,3866,2119
5497,5497,3793,3745,2072
5463,5463,4335,3839,2111
5587,5587,3810,3849,2095
5504,5504,3752,3954,2147
5474,5474,3770,4187,2462
5520,5520,3803,3768,2099
5517,5517,3787,3814,2147
5511,5511,4325,3837,2058
5646,5646,3784,3822,1947
5563,5563,3848,3957,2133
5435,5435,3697,3830,2096
5455,5455,3832,3845,2126
5447,5447,3880,3768,2042
5441,5441,4420,3867,2228
5556,5556,3841,3763,2087
5504,5504,3883,3851,2095
5730,5730,3764,4152,2406
5431,5431,3812,3834,2109
5484,5484,3817,4181,2457
5490,5490,3740,4331,2571
5461,5461,3797,3786,2079
5521,5521,4271,3931,2164
5545,5545,3926,3730,2151
5552,5552,3784,3964,2257
5645,5645,3854,3843,2204
5448,5448,4050,3766,2027
5465,5465,3644,3956,2280
5447,5447,4161,3776,2198
5450,5450,3595,4196,2414
5477,5477,3657,4018,2280
5492,5492,3782,3743,2090
5471,5471,3854,3845,2041
5513,5513,3805,3849,2083
5483,5483,4168,3812,2048
5636,5636,3824,3955,2146
5452,5452,3753,3923,2175
5425,5425,3925,3704,2076
5488,5488,3776,3785,2134
5487,5487,3944,4130,2409
5476,5476,4205,3781,1964
5626,5626,3853,3800,2005
5480,5480,3779,3792,2026
5470,5470,3807,3837,2122
5470,5470,3797,3808,2075
5503,5503,3829,3821,2043
5553,5553,3845,3909,2210
5535,5535,3858,3760,2134
5565,5565,3793,3833,2094
5429,5429,3816,3771,2097
5445,5445,3752,4178,2473
5523,5523,3782,3865,2149
5523,5523,3770,4011,2285
5517,5517,3852,4141,2395
5489,5489,3811,3783,2077
5508,5508,3809,3729,2100
5538,5538,4245,3945,2217
5688,5688,3860,3921,2021
5448,5448,4317,3930,2205
5430,5430,3740,3799,2038
5536,5536,3836,3816,2071
5539,5539,3938,3757,2020
5469,5469,4253,3957,2212
5439,5439,3835,3838,2231
5593,5593,3826,3780,2192
5523,5523,3800,3761,2043
5474,5474,4205,3790,2127
5521,5521,3509,4291,2581
5529,5529,4109,4011,2218
5441,5441,3787,3856,2109
5537,5537,3793,3830,2109
5423,5423,3749,3777,2074
5516,5516,3836,3856,2085
5631,5631,3783,3847,1964
5460,5460,3797,4171,2097
5493,5493,3879,3798,2121
5500,5500,4418,3838,2106
5439,5439,3808,3804,2057
5444,5444,3931,3898,2227
5457,5457,3892,3775,2135
5470,5470,3826,3838,2079
5426,5426,3938,3751,2321
5475,5475,4226,3897,2131
5572,5572,3792,3863,2171
5491,5491,3726,3958,2235
5476,5476,3795,3888,2149
5549,5549,4262,3890,2122
5509,5509,3742,3814,2086
5461,5461,4170,3855,2077
5680,5680,3792,3858,2131
5444,5444,3712,4054,2335
5484,5484,3700,3772,2050
5479,5479,4017,3816,2205
5482,5482,3706,3983,2214
5511,5511,4231,3926,2155
5468,5468,3828,3778,2372
5571,5571,4255,3897,2103
5487,5487,3825,3747,2047
5549,5549,3506,4047,2338
5464,5464,3798,3958,2189
5636,5636,3783,3981,2219
5583,5583,3792,3763,2057
5667,5667,4255,3926,2200
6857,6857,3961,3799,2069
5574,5574,3741,3942,2171
5790,5790,3763,4182,2306
5464,5464,4033,3987,2241
5659,5659,3888,3800,2024
5615,5615,4507,3960,2194
5518,5518,3750,3932,2161
5444,5444,4231,3972,2334
5618,5618,3807,3682,2079
5509,5509,3796,3772,2056
5519,5519,3860,3783,2062
5659,5659,4237,3823,2048
5541,5541,4180,3831,2139
5474,5474,3788,3892,2153
5459,5459,3790,3856,2135
5463,5463,3813,3880,2123
5471,5471,3751,4153,2438
5615,5615,4136,3837,2074
5668,5668,3793,3850,2049
5514,5514,3928,3834,2084
7209,7209,4182,4105,2376
5474,5474,4087,3757,2193
5516,5516,3731,3815,2098
5576,5576,3935,3942,2163
5534,5534,3829,3692,2133
5596,5596,3790,3922,2168
5616,5616,3726,4121,2402
5582,5582,4216,3824,2086
5522,5522,3819,3892,2117
5513,5513,3859,3866,2096
5541,5541,3820,4187,2460
5488,5488,3836,3756,2123
5531,5531,4035,3804,2131
5508,5508,4244,3808,2040
5668,5668,3693,3875,2006
5514,5514,3815,3825,2054
5461,5461,3772,3801,2044
5456,5456,3899,3805,2092
5458,5458,4261,3766,2071
5534,5534,4229,3888,2096
5777,5777,3889,3955,2288
5470,5470,4085,3757,2116
5514,5514,3774,3741,2003
5476,5476,3671,4299,2583
5445,5445,3847,4246,2478
5510,5510,3764,4271,2651
5577,5577,3845,3997,2209
5499,5499,4198,3840,2134
5723,5723,3584,4278,2564
5496,5496,3883,3830,2116
5704,5704,3807,4132,2254
5548,5548,3800,3916,2153
5494,5494,3851,3816,2087
5464,5464,4193,3901,2122
5759,5759,3515,4004,2254
5520,5520,3886,3968,2183
5502,5502,3884,3756,2084
5514,5514,3779,3949,2134
5612,5612,3809,3830,2088
6063,5915,6063,3881,3622
5531,5531,3795,3759,2181
5494,5494,3717,3973,2218
5496,5496,3783,3815,2057
5453,5453,3908,3809,2084
5538,5538,3788,4086,2345
5730,5730,4363,3853,2187
5759,5759,3825,3916,2000
5524,5524,3877,3805,2030
5514,5514,3735,3786,2159
5550,5550,3858,3927,2205
5903,5903,4190,3836,2109
5454,5454,4209,4024,2230
5603,5603,3831,3768,2150
5496,5496,3796,3902,2150
5455,5455,3798,3843,2134
5514,5514,3806,3799,2048
5483,5483,3730,3810,2251
5538,5538,4174,3978,2276
5465,5465,3757,4117,2393
5450,5450,3789,3814,2104
5594,5594,3749,3849,2132
5541,5541,3807,3829,2178
5606,5606,3842,3897,2058
5482,5482,4305,3788,2079
5421,5421,3745,3744,2111
5490,5490,3898,3846,2068
5641,5641,3758,3851,2185
5460,5460,3906,4184,2388
5490,5490,3884,3787,2110
5485,5485,4178,3764,2139
5492,5492,3790,3768,2263
5526,5526,3835,3891,2131
5485,5485,3803,4221,2450
5478,5478,3801,3827,2161
5470,5470,3870,3742,2011
5999,5999,4154,3823,2154
5496,5496,3878,3819,2069
5622,5622,3823,3811,2176
5607,5607,3614,3973,2123
5449,5449,3862,3824,2099
5472,5472,3798,3779,2039
5522,5522,3888,3733,2018
5479,5479,3805,3805,2074
5550,5550,3969,3955,2212
5535,5535,3845,3699,2146
5468,5468,3542,4059,2273
5471,5471,4000,4137,2395
5503,5503,3945,4044,2299
5493,5493,4169,3865,2111
5474,5474,3785,3981,2174
5460,5460,4195,3787,2104
5472,5472,3919,3815,2119
5556,5556,3588,3954,2232
5505,5505,4563,3845,2089
5732,5732,3780,3880,1996
5468,5468,4139,3904,2150
5460,5460,3840,3783,2090
5495,5495,3782,3797,2031
5428,5428,3593,4045,2315
5486,5486,4244,3883,2262
5497,5497,3875,4121,2477
5451,5451,4138,3870,2121
5500,5500,3654,4000,2238
5613,5613,3780,3757,2032
5622,5622,3757,3921,2174
5519,5519,3773,3928,2194
5431,5431,3774,3793,2048
5600,5600,4208,3956,2232
5519,5519,3816,3726,1984
5550,5550,3775,3752,1990
5614,5614,3780,4234,2358
5588,5588,3872,3882,2110
5468,5468,3900,3810,2123
5527,5527,4310,3877,2103
5458,5458,3830,3980,2237
5533,5533,3865,3908,2128
5637,5637,3920,3833,2163
5438,5438,3664,4009,2289
5540,5540,3743,3811,2036
5565,5565,4244,3801,2063
5571,5571,3810,3872,2126
5486,5486,3767,3931,2173
5518,5518,3757,3815,2093
5502,5502,3916,3954,2293
5497,5497,3790,4215,2453
5578,5578,4199,3817,2077
5585,5585,3784,3907,2117
5504,5504,3828,3865,2118
5435,5435,3689,3935,2195
5547,5547,3916,3796,2011
5513,5513,3968,3795,2050
5465,5465,3818,3901,2253
5450,5450,3809,3764,2096
5478,5478,3887,4187,2413
5462,5462,3837,3875,2126
5669,5669,4274,3849,2604
5454,5454,3830,3954,2214
5462,5462,3811,3968,2246
5631,5631,3824,4095,2391
6861,6861,3899,3839,765
5501,5501,3854,3778,2060
5640,5640,4287,3944,2154
5614,5614,3807,3941,2033
5482,5482,3762,3847,2109
5437,5437,3759,3839,2096
5483,5483,3882,3823,2076
5431,5431,3780,3835,2095
5529,5529,4263,3882,2118
5628,5628,3819,3953,2269
5451,5451,3765,3873,2169
5515,5515,3731,4015,2267
5462,5462,3814,3924,2218
5507,5507,3770,4178,2439
5549,5549,3732,4377,2591
5522,5522,3626,3986,2274
5506,5506,4216,3828,2175
5546,5546,3907,3796,2169
5509,5509,3770,3858,2077
5761,5761,3799,4166,2260
5428,5428,3833,3798,2063
5546,5546,3777,4121,2311
5488,5488,4262,3916,2143
5604,5604,3797,3870,2112
5515,5515,3870,3919,2178
5475,5475,3844,3792,2093
5444,5444,3823,3784,2043
5469,5469,4262,3762,2030
5589,5589,4195,3809,2038
5654,5654,3808,3868,2153
5629,5629,4515,3951,2238
5540,5540,3720,3833,2069
5512,5512,3780,3853,2088
5591,5591,3765,4120,2376
5478,5478,4136,3892,2170
5729,5729,3773,3942,2082
5580,5580,3930,3944,2187
5511,5511,3805,3814,2188
5465,5465,3830,3885,2073
5513,5513,3818,3835,2149
5444,5444,3860,3905,2148
5525,5525,3813,3850,2120
5505,5505,3847,3839,2092
5491,5491,3743,3743,2033
5504,5504,3761,3767,2071
5514,5514,3801,3998,2277
5488,5488,3715,3905,2124
5497,5497,3825,4115,2410
5509,5509,3796,3837,2073
5418,5418,3819,3824,2099
5448,5448,4186,3829,2102
5704,5704,3824,3895,2063
5479,5479,3797,3791,2095
5509,5509,3717,3894,2161
5530,5530,4339,3786,2058
5474,5474,3814,3745,2120
5425,5425,4258,3899,2156
5521,5521,3935,3743,2047
5483,5483,3813,3770,2032
5464,5464,3800,3840,2106
5709,5709,3790,3809,2103
5549,5549,3743,4255,2517
5453,5453,4191,3936,2135
5497,5497,3760,3841,2137
5559,5559,3788,3773,2158
5474,5474,3739,3777,2083
5484,5484,3748,3836,2055
5608,5608,3740,3921,2007
5579,5579,3729,3916,2155
5513,5513,3778,3760,2106
5457,5457,4257,3859,2085
5495,5495,3773,3773,2040
5472,5472,3811,3894,2188
5618,5618,3834,3768,2113
5518,5518,3805,3809,2064
5489,5489,3847,4158,2377
5538,5538,4168,3811,2051
5523,5523,3781,3794,2272
5613,5613,3753,3931,2167
5462,5462,3787,3829,2074
5635,5635,3797,3940,2180
5484,5484,3811,3980,2243
5474,5474,4135,3863,2082
5598,5598,3782,3906,2114
5468,5468,3834,3833,2090
5563,5563,3764,3862,2092
5526,5526,3839,3830,2177
5508,5508,3766,3915,2182
5467,5467,4358,3940,2176
5522,5522,3838,4016,2372
5438,5438,4139,3834,2091
5543,5543,3755,3825,2081
5505,5505,3788,3838,2062
5478,5478,3835,3850,2146
5514,5514,3862,3928,2190
5579,5579,3870,3833,2072
5477,5477,4198,4099,2411
5495,5495,3773,4156,2406
5578,5578,3792,3866,2102
5853,5853,3513,4243,2366
5455,5455,3872,3846,2060
5546,5546,3846,3909,2158
5628,5628,4264,3879,2170
5525,5525,3740,4082,2321
5542,5542,3847,3937,2252
5504,5504,3848,3759,2104
5551,5551,3890,4070,2359
5532,5532,3551,4113,2361
5497,5497,4555,3865,2061
5479,5479,3802,3820,2214
5481,5481,3521,4165,2383
5475,5475,3809,3757,2042
5464,5464,3764,4115,2399
5593,5593,3503,4192,2455
5450,5450,4190,3886,2132
5594,5594,3745,4045,2159
5546,5546,3875,4034,2290
5460,5460,3857,3728,2122
5605,5605,4059,4038,2241
5617,5508,5617,4010,2277
5524,5524,3975,3879,2150
5556,5556,3869,3895,2175
5460,5460,3561,4037,2293
5515,5515,3575,4034,2310
5514,5514,5062,3759,2056
5524,5524,3938,3848,2358
5495,5495,3579,4026,2255
5436,5436,3855,3765,2262
5511,5511,3784,3884,2087
5521,5521,3773,3782,2037
5489,5489,4685,3743,2157
5653,5653,3968,3887,2012
5556,5556,3892,3842,2065
5619,5619,3755,3744,2021
5423,5423,3812,4038,2311
5469,5469,3638,4165,2397
5464,5464,4903,3678,2262
5549,5549,3872,3799,2148
5498,5498,3754,3871,2184
6320,6320,3721,3814,1450
5693,5693,3820,3997,2194
5638,5638,4338,4262,2490
5601,5601,3741,4327,2616
5566,5566,4051,4094,2339
5527,5527,4156,3860,2068
5462,5462,3828,3841,2121
5502,5502,3836,3836,2082
5657,5657,3720,4173,2283
5470,5470,3837,3838,2074
5456,5456,3849,3845,2101
5584,5584,4020,3939,2220
5519,5519,3996,4121,2393
5738,5738,3890,3889,2157
5621,5621,3595,3942,2267
5479,5479,3829,3894,2154
5463,5463,3824,3775,2018
5565,5565,4242,3783,2056
5544,5544,3785,3861,2140
5530,5530,3809,3920,2175
5468,5468,3891,3767,2063
5549,5549,3770,4033,2267
5617,5617,3792,4095,2347
5530,5530,4325,3831,2054
5631,5631,3969,3868,1994
5919,5919,3787,3837,2093
5556,5556,3795,3824,2084
5433,5433,3880,3855,2214
5900,5900,4425,3776,2039
5518,5518,4260,3951,2214
5615,5615,3885,3801,2109
5551,5551,3877,3819,2045
5527,5527,3962,3836,2056
5623,5623,3747,3799,2184
5591,5591,3784,3814,2235
5510,5510,4113,3853,2140
5473,5473,3810,4155,2398
5480,5480,3749,3805,2032
5567,5567,3832,3810,2081
5487,5487,3902,3962,2217
5626,5626,3782,3855,1991
5515,5515,4218,3863,2139
5658,5658,3822,3838,2095
5512,5512,3561,4084,2315
5440,5440,3920,3812,2131
5701,5701,3992,3883,2137
5599,5599,3763,3784,2086
5504,5504,4137,3791,2091
5534,5534,3824,3820,2053
5575,5575,3936,3861,2084
5775,5775,3752,4191,2450
5699,5699,3839,4030,2269
5451,5451,3763,3774,2053
5910,5910,4128,3850,2133
5472,5472,3749,3751,2051
5473,5473,3872,3855,2201
5599,5599,3868,3900,2048
5502,5502,3798,4218,2464
5495,5495,3815,3824,2090
5567,5567,3852,3813,2062
5471,5471,3783,3862,2148
5647,5647,3888,3836,2190
5486,5486,3823,3707,2082
5549,5549,3784,3799,2150
5527,5527,3811,3757,2306
5552,5552,4356,3776,2142
5588,5588,3811,3848,2144
5528,5528,3730,4002,2252
5444,5444,3834,3803,2086
5481,5481,3796,3928,2128
5423,5423,3820,3805,2079
5460,5460,4183,4136,2376
5592,5592,3862,3908,2056
5519,5519,3897,3800,2059
5452,5452,3812,3795,2039
5457,5457,3861,3842,2091
5519,5519,4223,3982,2278
5520,5520,4253,3961,2208
5558,5558,3925,4057,2403
5608,5608,4251,3840,2118
5496,5496,3741,3768,2030
5642,5642,3472,4204,2427
5470,5470,3819,3850,2118
5480,5480,3786,3950,2131
5714,5714,3863,3814,2058
5497,5497,4205,3849,2089
5580,5580,3797,3877,2082
5470,5470,3824,3832,2082
5584,5584,3659,4153,2271
5499,5499,3764,3880,2125
5668,5668,3651,3918,2111
5476,5476,4137,3928,2173
5445,5445,3975,3761,2147
5457,5457,3820,4037,2231
5484,5484,3829,3687,2044
5493,5493,3802,3804,2041
5575,5575,3828,3861,2134
5598,5598,4316,3768,2105
5454,5454,3805,3958,2244
5471,5471,3753,3927,2203
5468,5468,3840,3861,2083
5421,5421,3737,3857,2106
5613,5613,3820,4183,2408
5545,5545,4204,3888,2143
5679,5679,3977,3866,1989
5588,5588,4008,3753,2240
5652,5652,3813,3778,2076
5491,5491,3874,3796,2056
5420,5420,3816,3856,2106
5537,5537,3962,3857,2235
5617,5617,3857,3731,2220
5500,5500,3768,3909,2190
5465,5465,3756,3853,2179
5474,5474,4147,3804,2024
5469,5469,3841,3794,2240
5593,5593,3827,3832,2106
5552,5552,3740,4159,2440
5431,5431,3827,3940,2200
5472,5472,3759,3897,2399
5471,5471,4245,3808,2069
5618,5618,3780,4030,2139
5645,5645,3863,3806,2073
5627,5627,3715,3786,2042
5646,5646,3745,3866,2097
5602,5602,5475,3828,2083
5519,5519,4201,3989,2242
5528,5528,3942,3687,2111
5598,5598,3745,3904,2201
5512,5512,3732,3791,2146
5630,5630,3775,3969,2180
5479,5479,3841,4208,2460
5483,5483,3730,4363,2577
5519,5519,3746,3859,2127
5429,5429,4323,3862,2109
5457,5457,3804,4006,2256
5480,5480,3800,3803,2130
5631,5631,3919,3725,2223
5654,5654,3761,3972,2214
5462,5462,3768,3875,2069
7763,7763,4744,4658,779
5514,5514,3614,4099,2289
5490,5490,3897,3975,2268
5635,5635,3832,3809,2188
5596,5596,3789,3829,2099
5558,5558,3831,3721,2078
5529,5529,4274,3902,2078
5641,5641,3787,3785,2213
5501,5501,3755,3983,2213
5574,5574,3954,3641,2137
5470,5470,3766,3814,2047
5481,5481,3806,4146,2384
5606,5606,4251,3832,2165
5885,5885,3999,3872,2061
5582,5582,3812,3878,2116
5622,5622,3737,3840,2076
5518,5518,3792,3970,2309
5843,5843,4165,3823,2208
5511,5511,3933,3875,2128
5525,5525,3862,3673,2135
5526,5526,3919,3807,2104
5507,5507,3852,3823,2079
5475,5475,3838,3830,2192
5514,5514,3738,3915,2166
5504,5504,3812,4251,2491
5579,5579,3939,3780,2302
5529,5529,4156,3765,2010
5496,5496,3800,3775,2030
5540,5540,3784,3836,2077
5594,5594,3822,3943,2038
5473,5473,3834,3834,2071
5533,5533,3841,3883,2135
5539,5539,4218,3934,2161
5493,5493,3672,4014,2257
5524,5524,3833,3882,2148
5490,5490,3803,3790,2109
5552,5552,4213,4169,2411
5476,5476,3636,3897,2133
5505,5505,4299,3752,2028
5817,5706,5817,3837,3859
5657,5657,3806,3773,2189
5467,5467,3795,3777,2038
5549,5549,3785,3901,1994
5455,5455,3846,3798,2092
5772,5772,3855,3807,2042
5672,5672,3841,3867,2094
5487,5487,3839,3902,2190
5502,5502,3832,3790,2048
5482,5482,4166,3777,2024
5498,5498,3798,4000,2280
5539,5539,3726,3967,2201
5486,5486,3884,3699,2119
5448,5448,3804,3817,2068
5624,5624,3882,4155,2417
5483,5483,4275,3791,2177
5443,5443,3865,3883,2117
5484,5484,3710,3907,2218
5575,5575,3792,3822,2115
5512,5512,3846,3849,2116
5486,5486,3757,3890,2158
5523,5523,4638,3873,2060
5630,5630,4188,3922,2042
5615,5615,4129,3843,2325
5423,5423,3794,3795,2060
5456,5456,3765,3831,2059
5485,5485,3776,3875,2253
5511,5511,4295,3928,2164
5510,5510,3929,4055,2410
5493,5493,4205,3862,2133
5497,5497,3805,3829,2061
5496,5496,3982,3822,2024
5491,5491,3770,3941,2181
5553,5553,3780,3851,2227
5496,5496,3830,3832,2073
5504,5504,4605,3862,2056
5444,5444,3808,3838,2115
5562,5562,3740,3826,2087
5661,5661,3602,4178,2297
5615,5615,3839,3901,2172
5544,5544,3789,3823,2105
5481,5481,4178,3788,2052
5496,5496,3627,4026,2287
5497,5497,4243,3846,2094
5515,5515,3833,3754,2064
5623,5623,4245,3845,2111
5737,5737,3808,3812,1944
5573,5573,4241,3787,2123
5512,5512,3818,3771,2205
5580,5580,4449,3954,2218
5526,5526,3868,3770,2113
5546,5546,3775,3842,2079
5606,5606,3823,4152,2429
5549,5549,4196,3862,2099
5692,5692,3808,4053,2148
5503,5503,3786,3941,2190
5427,5427,3878,3802,2047
5575,5575,3825,3803,2118
5563,5563,3775,3774,2136
5516,5516,3857,3962,2176
5468,5468,3875,3837,2109
5439,5439,3816,3862,2075
5522,5522,3754,3913,2191
5577,5577,4227,3862,2165
5658,5658,3796,3926,2173
5458,5458,3644,3866,2126
5638,5638,3766,4155,2420
5456,5456,3807,3840,2067
5458,5458,3776,3862,2091
5629,5629,4177,3758,2007
5601,5601,3787,3828,1974
5466,5466,3760,3769,2051
5458,5458,3733,3820,2057
5468,5468,3811,3828,2128
5744,5744,3805,3847,2078
5463,5463,4289,3928,2142
5466,5466,3927,3673,2074
5501,5501,3866,3809,2149
5431,5431,3920,3725,2083
5566,5566,3826,3818,2038
5492,5492,3060,4743,3125
5543,5543,3864,3942,2194
5617,5617,3853,3828,2185
5552,5552,4220,3829,2179
5500,5500,3802,3827,2078
5461,5461,3858,3763,2135
5638,5638,3772,3851,1964
5562,5562,3922,3761,2111
5497,5497,3537,4023,2269
5467,5467,4175,4046,2280
5442,5442,3857,4339,2557
5489,5489,3982,3824,2070
5564,5564,3831,4115,2471
5500,5500,3850,3812,2129
5593,5593,3868,3839,2084
5465,5465,4421,3714,2151
5563,5563,3858,3936,2176
5571,5571,3871,3953,2218
5575,5575,3732,4091,2295
5510,5510,3769,3830,2084
5603,5603,3785,3823,2048
5773,5773,4174,3824,1871
5634,5634,3782,3944,2060
5477,5477,3829,3909,2141
5578,5578,3858,4148,2455
5631,5631,3740,3944,2164
5449,5449,3746,3828,2066
5529,5529,3907,3885,2209
5545,5545,3970,3668,2116
5614,5614,3819,3888,2133
5690,5690,3957,3625,2053
5471,5471,3855,3819,2167
5552,5552,3995,3740,2159
5485,5485,3809,3842,2219
5462,5462,3737,3773,2013
5505,5505,3797,3788,2051
5574,5574,3795,3837,2109
5525,5525,4164,3789,2109
5734,5734,3863,3840,2219
5481,5481,3862,3793,2054
5483,5483,3776,3849,2090
5821,5821,3740,3915,2145
5532,5532,3825,3890,2188
5661,5661,4269,3961,2194
5482,5482,3891,3855,2143
5477,5477,3836,3851,2096
6512,6512,3799,3749,2136
5536,5536,3902,3786,2016
5467,5467,3796,4189,2466
5506,5506,4058,3946,2223
5524,5524,3559,4020,2283
5533,5533,3687,3838,2080
5533,5533,3888,3823,2031
5768,5768,3824,3860,2110
5790,5790,3937,3936,2040
5459,5459,3788,3830,2049
5511,5511,3859,3991,2254
5500,5500,4194,3792,2148
5636,5636,3594,3952,2254
5545,5545,4173,3597,2240
5547,5547,3857,3681,2156
5549,5549,4005,3980,2220
5531,5531,3611,4280,2524
5473,5473,4205,3781,2035
5576,5576,4172,3945,2183
5531,5531,4477,3786,2161
5523,5523,3817,3847,2081
5557,5557,4197,3862,2192
5455,5455,3368,4340,2607
5530,5530,4185,3793,2134
5633,5633,3800,3885,2080
5478,5478,3812,3821,2056
5640,5640,3800,3869,2238
5440,5440,3968,3820,2098
5477,5477,3768,3811,2059
5494,5494,4373,3982,2241
5525,5525,3855,4160,2516
5463,5463,4164,3829,2076
5522,5522,3897,3769,2047
5451,5451,3617,4062,2288
5481,5481,3815,3881,2184
5625,5625,4035,3950,2176
5528,5528,3716,3852,2064
5681,5681,4223,3759,2048
5595,5595,3793,3934,2198
5619,5619,3772,3742,2145
5654,5654,3826,4392,2449
5493,5493,3843,3965,2270
5646,5646,3815,3727,1975
5455,5455,4240,3829,2102
5496,5496,3785,4019,2248
5499,5499,3816,3878,2136
5501,5501,3773,3757,2048
5625,5625,3943,3765,2150
5510,5510,3756,3831,2045
5553,5553,4234,3868,2086
5523,5523,3538,4137,2369
5591,5591,3966,3872,2280
5511,5511,3702,3903,2125
5468,5468,4020,3568,2130
5477,5477,3849,4134,2382
5609,5609,4263,3902,2164
5642,5642,3775,3850,1963
5552,5552,3783,3888,2148
5508,5508,3743,3794,2052
5456,5456,3772,3777,2087
5585,5585,3964,3645,2161
5615,5615,3846,3884,2166
5519,5519,3847,3761,2192
5447,5447,3903,3779,2005
5489,5489,3789,3890,2157
5501,5501,4258,3844,2155
5472,5472,3836,3857,2118
5516,5516,3710,3943,2146
5551,5551,3972,4134,2534
5489,5489,3768,3786,2076
5519,5519,3834,3828,2076
5505,5505,4155,3793,2060
5607,5607,3837,3870,2014
5558,5558,3744,3921,2166
5607,5607,3752,3754,2016
5461,5461,3765,3895,2156
5568,5568,3784,3842,2218
5475,5475,4363,3968,2259
5514,5514,3939,3764,2091
5503,5503,3783,3814,2140
5527,5527,3742,3853,2076
5603,5603,3893,3794,2103
5518,5518,3853,4140,2411
5546,5546,3688,4288,2535
5589,5589,4082,4007,2241
5442,5442,4406,3853,2114
5543,5543,4008,3835,2121
5644,5644,3793,3809,2174
5537,5537,3913,3904,2226
5472,5472,3915,3809,2073
5562,5562,3975,3588,2137
5414,5414,4191,3835,2110
5420,5420,3771,3837,2080
5512,5512,3701,4070,2338
5487,5487,4006,3999,2388
5464,5464,3860,4100,2330
5434,5434,4284,3882,2118
7013,7013,4241,3867,2109
5457,5457,3744,3838,2118
5497,5497,4459,4012,2274
5538,5538,3793,3811,2032
5418,5418,3888,3780,2002
5565,5565,4107,4150,2359
5580,5580,4196,3786,2161
5593,5593,3785,3921,2003
5463,5463,3731,3869,2131
5488,5488,3865,3791,2095
5429,5429,3819,3833,2071
5473,5473,3792,3734,2025
5589,5589,3918,3922,2178
5418,5418,3862,3717,2063
5516,5516,3788,3810,2141
5560,5560,3796,3993,2012
5514,5514,3802,3859,2082
5520,5520,3759,3920,2080
5436,5436,3792,3802,2163
5562,5562,3818,4054,2331
5498,5498,3714,3809,2065
5564,5564,3827,3902,2131
5483,5483,3915,4046,2282
5633,5633,3737,3866,1995
5538,5538,3911,3766,2182
5779,5779,3784,3841,2097
5542,5542,3835,3796,2018
5657,5657,3638,4300,2575
5684,5684,4322,3840,2104
5474,5474,3911,3848,2202
5448,5448,3728,3869,2088
5456,5456,3960,3788,2150
5529,5529,3928,3979,2236
5469,5469,3809,4228,2489
5574,5574,4187,4025,2293
5524,5524,3836,3961,2188
5450,5450,3891,3742,2111
5446,5446,3778,3790,2116
5634,5634,3785,3855,2101
5745,5745,3796,3895,1978
5438,5438,3826,3834,2100
5538,5538,3849,3778,2049
5615,5615,4334,3854,2109
5479,5479,3860,3875,2125
5571,5571,4156,3872,2136
5447,5447,3997,3931,2371
5656,5656,3808,3783,2083
5643,5643,3819,4097,2372
5501,5501,4384,3784,2061
5554,5554,3848,3875,2161
5613,5613,3728,3961,2195
5510,5510,3513,3999,2227
5537,5537,3836,3850,2113
5550,5550,3734,3756,1991
5469,5469,4323,4003,2245
5685,5685,4246,3975,2290
5532,5532,3691,3943,2187
5532,5532,3870,3879,2125
5741,5741,3758,3859,2097
5551,5551,3850,3803,2032
5425,5425,4297,3931,2262
5436,5436,4238,4087,2426
5454,5454,4587,3789,2060
5521,5521,3845,3747,2128
5663,5663,3892,3833,2031
5465,5465,3811,3940,2217
5484,5484,3790,4150,2265
5601,5601,4154,3919,2177
5852,5852,4310,3779,2019
5396,5396,3844,3873,2116
5568,5568,3749,3785,2059
5930,5930,3866,4221,2319
5630,5630,3796,3782,2036
5475,5475,3835,3778,2024
5477,5477,4619,3822,2123
5674,5674,3819,3689,2129
5475,5475,4242,3939,2208
5430,5430,3618,3931,2293
5484,5484,3796,3751,1975
5493,5493,3798,3775,2102
5602,5602,4241,3818,2030
5558,5558,3793,3937,2201
5701,5701,3742,3913,2234
5523,5523,3769,3822,2075
5593,5593,3612,4064,2330
5470,5470,3923,4204,2452
5536,5536,4178,3770,2033
5629,5629,3749,3823,2069
5454,5454,3832,3892,2125
5627,5627,3762,3858,2140
5480,5480,3931,4097,2308
5465,5465,3797,3956,2176
5563,5563,3816,3943,2307
5502,5502,3954,3718,2146
5549,5549,3705,4082,2311
5579,5579,3800,3923,2145
5471,5471,4276,3968,2214
5548,5548,3794,3862,2147
5540,5540,3745,4099,2350
5536,5536,3750,4151,2390
5438,5438,3754,3847,2071
5613,5613,3783,3920,2171
5692,5692,4215,3822,2079
5757,5757,3794,3942,2102
5502,5502,3830,4228,2460
5484,5484,3798,3834,2111
5547,5547,3782,3848,2096
5462,5462,3831,3768,2029
5591,5591,4290,3914,2132
5465,5465,3902,3794,2139
5492,5492,3776,3842,2066
5705,5705,3784,3872,2079
5475,5475,3816,3991,2241
5504,5504,3769,4215,2465
5548,5548,3697,4337,2553
5521,5521,4299,4109,2400
5503,5503,4194,3842,2159
5504,5504,3814,3717,2141
5714,5714,3851,4045,2213
5659,5659,3739,4238,2329
5419,5419,3811,3802,2074
5445,5445,3806,3856,2115
5603,5603,4187,3911,2128
5591,5591,4226,4042,2260
5484,5484,4241,3914,2196
5511,5511,3976,3705,2052
5497,5497,3703,3991,2207
5512,5512,4136,3855,2270
5545,5545,4286,3840,2085
5410,5410,3949,3815,2097
5671,5671,3814,3951,2227
5541,5541,3812,3788,2163
5582,5582,3805,3939,2153
5649,5649,3820,4204,2481
5571,5571,5524,3816,2047
5694,5694,3829,3839,2046
5461,5461,3863,4047,2291
5675,5675,3776,3810,2073
5482,5482,3804,3884,2088
5528,5528,5323,3803,2063
5496,5496,3861,4047,2272
5471,5471,3861,3728,2071
5493,5493,3840,3794,2030
5486,5486,3927,3857,2109
5635,5635,4045,3751,2307
5475,5475,4018,3915,2161
5627,5627,3723,3917,2002
5666,5666,3788,3757,2345
5488,5488,3653,4028,2285
5470,5470,3801,3986,2242
5572,5572,3840,4334,2557
5631,5631,3902,3804,1997
5468,5468,4026,3836,2107
5593,5593,3815,4036,2212
7650,7650,4519,4482,802
5560,5560,4222,3840,2075
5602,5602,4145,4165,2427
5545,5545,3879,3757,2260
5510,5510,3694,3869,2273
5493,5493,3769,3909,2162
5525,5525,4002,3776,2159
5525,5525,3717,4333,2510
5478,5478,4163,3866,2142
5524,5524,4020,3642,2027
5602,5602,3753,3905,2099
5572,5572,3875,3859,2036
5571,5571,3777,3868,2126
5615,5615,3794,3910,2061
5682,5682,3783,4017,2273
5584,5584,3727,3898,2205
5431,5431,4150,3750,2019
5488,5488,3768,3810,2054
5505,5505,3862,3884,2130
5456,5456,3826,3693,2132
5541,5541,3873,3837,2043
5478,5478,4164,4284,2525
5454,5454,4587,3818,2065
5529,5529,3745,3880,2287
5639,5639,3700,3921,2153
5537,5537,3724,3887,2145
5681,5681,3522,4028,2263
5444,5444,3785,3924,2042
5548,5548,4144,3804,2046
5702,5702,3823,3922,2048
5490,5490,3810,3820,2081
5497,5497,3826,3863,2074
5471,5471,3755,3813,2049
5765,5765,3467,4024,2280
5462,5462,4257,3948,2194
5416,5416,3914,3727,2365
5440,5440,4227,3818,2079
5432,5432,3821,3845,2095
5529,5529,3878,3867,2039
5492,5492,3796,3797,3680
5515,5515,3781,3931,2161
5502,5502,3724,3814,2033
5412,5412,4205,3859,2059
5454,5454,3748,3782,2054
5787,5787,3749,3796,2069
5681,5681,3811,3799,2205
5589,5589,3729,3825,2081
5417,5417,3824,3923,2121
5470,5470,4245,3797,2055
5513,5513,3761,3842,2088
5512,5512,3855,3959,2185
5574,5574,3868,3785,2136
5430,5430,3814,3759,2003
5502,5502,3746,3863,2122
5572,5572,4191,3781,2032
5490,5490,3783,3896,2117
5510,5510,3717,4049,2380
5505,5505,3737,3800,2056
5568,5568,3754,3787,2136
5494,5494,3799,3794,2337
5540,5540,4152,3804,2020
5655,5655,3840,3938,2020
5541,5541,3960,3827,2102
5466,5466,3812,3781,2052
5435,5435,3716,3849,2082
5498,5498,3846,3814,2023
5670,5670,3849,3885,2155
5571,5571,3856,3804,2220
5509,5509,3777,3902,2082
5614,5614,3781,3870,2094
5457,5457,4310,3945,2167
5578,5578,3783,3972,2213
5465,5465,3739,4042,2235
5497,5497,3752,4119,2399
5453,5453,3764,3988,2086
5454,5454,3807,3771,2053
5674,5674,4216,3767,2188
5681,5681,3816,3874,1932
5477,5477,3919,3838,2160
5558,5558,3744,3849,2112
5451,5451,3801,3916,2214
5486,5486,3760,3807,2227
5429,5429,4272,3888,2173
5504,5504,3840,3777,2062
5637,5637,4024,3865,2109
5446,5446,3722,3829,2083
5460,5460,3858,3803,2152
5532,5532,3823,4084,2370
5519,5519,3664,4371,2602
5482,5482,3783,3790,2050
5511,5511,4161,4083,2301
5502,5502,3674,4196,2478
5517,5517,3787,3845,2102
5674,5674,3771,3829,2227
5498,5498,3870,3803,2168
5577,5577,3748,3795,2027
5488,5488,4245,4050,2329
5491,5491,3594,3992,2279
5473,5473,3874,3981,2234
5551,5551,3788,3775,2201
5454,5454,3831,3835,2057
5452,5452,3756,3795,2056
5485,5485,4258,3838,2086
5555,5555,3846,3854,2088
5528,5528,4513,3868,2073
5564,5564,3842,3850,2106
5528,5528,3818,3778,2030
5495,5495,3737,4196,2398
5536,5536,4245,3881,2123
5851,5851,3798,3916,2043
5499,5499,3768,4060,2279
5467,5467,3702,3875,2200
5581,5581,3773,3837,2187
5536,5536,3788,3791,2069
5451,5451,3841,3948,2264
5414,5414,3805,4058,2432
5461,5461,3775,3909,2078
5417,5417,3809,3821,2098
5482,5482,3869,3783,2132
5493,5493,5376,3910,2148
5461,5461,3772,3874,2100
5526,5526,3743,4165,2383
5585,5585,3810,3842,2096
5455,5455,3789,3796,2054
5576,5576,4752,3820,2132
5620,5620,4177,3854,2081
5511,5511,3892,3907,2154
5462,5462,3749,3757,2068
5476,5476,3817,3903,2165
5618,5618,3773,3869,2082
5573,5573,4278,3889,2150
5604,5604,3885,3829,2154
5662,5662,3950,3863,2190
5490,5490,3544,4012,2267
5537,5537,3887,3813,2062
5555,5555,3827,4357,2595
5541,5541,4188,3836,2165
5510,5510,3797,3857,2127
5490,5490,3804,3864,2082
7231,7231,4174,4152,2498
5652,5652,3771,3868,2212
5673,5673,3801,3883,1959
5453,5453,3797,3847,2100
5518,5518,3813,3796,2044
5483,5483,4152,3876,2105
5469,5469,3760,3804,2054
5557,5557,3843,3959,2160
5541,5541,3840,3749,2149
5465,5465,3868,3962,2210
5441,5441,3792,4214,2459
5493,5493,4290,3769,2131
5470,5470,3846,3909,2155
5463,5463,3740,3907,2307
5536,5536,3839,3749,2130
5475,5475,3769,4162,2411
5457,5457,3856,3831,2129
5554,5554,4217,3849,2099
5733,5733,3529,4089,2195
5431,5431,3603,4022,2307
5499,5499,3827,3810,2041
5619,5619,3806,3901,2154
5472,5472,3796,3765,2000
5478,5478,4245,3959,2194
5606,5606,3836,4082,2442
5424,5424,4246,3812,2091
5600,5600,3774,3776,2020
5481,5481,3836,3804,2099
5627,5627,3815,3929,2174
5488,5488,3767,4004,2190
5459,5459,3823,3770,2019
5462,5462,4236,3854,2234
5631,5631,3570,4026,2277
5591,5591,4091,3918,2211
5650,5650,3533,4197,2305
5569,5569,3820,4086,2356
5710,5710,3792,3817,2267
5524,5524,4189,3827,2075
5467,5467,4273,3884,2128
5580,5459,5580,2609,3094
5563,5563,4246,3872,2233
5491,5491,3873,3809,2052
5484,5484,3825,3790,2017
5500,5500,4208,3775,2013
5554,5554,3757,3947,2168
5493,5493,3777,4039,2242
5460,5460,3761,3778,2094
5504,5504,3872,3802,2019
5459,5459,3766,4168,2434
5655,5655,4184,3781,2133
5651,5651,3827,3952,2034
5575,5575,4187,3899,2077
5518,5518,3836,3847,2124
5478,5478,3801,3800,2139
5492,5492,3780,3829,2067
5488,5488,3840,3875,2117
5639,5639,3889,3735,2173
5593,5593,4150,3799,2065
5525,5525,3815,3913,2156
5644,5644,4273,3868,2057
5535,5535,3754,3859,2096
5494,5494,3713,3897,2182
5681,5681,3640,4482,2766
5454,5454,3914,3793,2096
5594,5594,3782,3914,2144
5607,5607,4175,3811,2095
5704,5704,3834,3869,2097
5496,5496,3764,3870,2093
5454,5454,3849,3757,2035
5518,5518,3820,3791,2140
5479,5479,3797,3843,2105
5609,5609,4109,3979,2186
5539,5539,3824,3684,2132
5508,5508,3868,3795,2064
5480,5480,3783,3842,2188
5670,5670,3978,3916,2161
5473,5473,3803,3743,2417
5635,5635,3723,4409,2645
5506,5506,3791,3871,2172
5647,5647,4378,3917,2129
5497,5497,3791,3967,2209
5510,5510,3824,3779,2076
5608,5608,3755,4237,2387
5752,5752,3834,3803,2071
5523,5523,3787,3793,2046
5490,5490,4186,3729,2145
5459,5459,3897,3795,2076
5484,5484,3941,3994,2274
5444,5444,4032,3760,2142
5462,5462,3801,3879,2118
5540,5540,3770,3821,2065
5579,5579,4243,3925,2151
5558,5558,3810,3849,2101
5493,5493,3583,4074,2348
5526,5526,3806,3818,2079
5376,5376,3789,3810,2056
5512,5512,4046,3804,2261
5518,5518,4233,3828,2107
5928,5928,3996,3980,1991
5627,5627,3770,3855,2007
5511,5511,3784,3812,2079
5481,5481,3757,3814,2195
5795,5795,4262,3774,2025
5510,5510,4355,3954,2165
5522,5522,4053,3730,2122
5465,5465,3783,3873,2117
5530,5530,3770,3808,2048
5769,5769,3957,3879,1859
5523,5523,3738,3913,2190
5652,5652,4132,3929,2315
5627,5627,3884,3848,2300
5903,5903,3862,3812,2036
5527,5527,3764,3837,2092
5642,5642,3827,3826,2080
5813,5813,3898,3993,2119
5575,5575,4203,3821,2125
5497,5497,3820,3785,2048
5496,5496,3783,3977,2263
5488,5488,3515,4020,2320
5509,5509,2599,5320,3623
5489,5489,3899,3861,2175
5561,5561,4200,3889,2143
5600,5600,3977,3831,2109
5649,5649,3961,3816,2080
5617,5617,3771,4325,2560
5495,5495,3841,3845,2150
5592,5592,3827,3992,2280
5929,5929,4170,3849,2082
5543,5543,3798,3816,2050
5518,5518,3780,4072,2362
5734,5734,3580,4164,2283
5531,5531,4164,3890,2112
5538,5538,3974,3574,2017
5574,5574,3750,3803,1916
5721,5721,3564,4120,2362
5510,5510,3820,3917,2132
5511,5511,3707,3817,2308
5541,5541,3954,3823,2030
5508,5508,4198,4113,4021
5538,5538,4315,3784,2037
5514,5514,3797,3868,2124
5569,5569,3729,3918,2081
5455,5455,3776,3759,2022
5527,5527,4143,3896,2135
5694,5694,3796,3852,2084
5502,5502,3915,4027,2314
5615,5615,3790,3836,1909
5507,5507,3862,3858,2113
5640,5640,3649,3890,2155
5449,5449,3505,4094,2318
5419,5419,3869,3754,2043
5585,5585,4205,3862,2143
5454,5454,4006,3572,2390
5464,5464,4309,3878,2105
5522,5522,3795,3894,2085
5589,5589,3955,3865,2248
5560,5560,3956,3646,2222
5554,5554,3733,3883,2198
5451,5451,3813,3832,2095
5458,5458,4251,3851,2079
5431,5431,3794,3821,2072
5589,5589,3826,3786,2021
5667,5667,3886,4192,2286
5435,5435,3564,4173,2396
5540,5540,3796,3701,1959
5561,5561,3918,4045,2245
5602,5602,3728,3855,2066
5485,5485,3872,3918,2240
5465,5465,3817,3752,2104
5562,5562,3863,3756,2137
5475,5475,3808,3751,2019
5429,5429,4292,3783,2047
5515,5515,3832,3728,2188
5536,5536,3660,3994,2258
5494,5494,3747,3772,2035
5457,5457,3806,3850,2122
5484,5484,3808,3794,2280
5492,5492,4303,3802,2063
5652,5652,3817,3952,2101
5551,5551,3852,3906,2186
5579,5579,3807,3873,2097
5458,5458,3764,3862,2116
5568,5568,3766,3799,2142
5601,5601,3968,3923,2191
5447,5447,3829,3757,2099
5447,5447,3891,3845,2085
5457,5457,3856,3757,2042
5594,5594,4337,3714,2175
5451,5451,3807,3826,2133
5662,5662,3746,3837,2221
5498,5498,3708,4205,2463
5470,5470,3799,3892,2076
5525,5525,3806,3801,2064
5634,5634,4222,3846,2120
5639,5639,3830,3882,2103
5493,5493,3811,3888,2163
5469,5469,3729,3841,2068
5546,5546,3929,3944,2214
5464,5464,3841,3785,2073
5608,5608,4283,3876,2241
5449,5449,3967,3954,2411
5448,5448,3759,3851,2084
5469,5469,3825,3781,2051
5767,5767,3863,3893,2161
5454,5454,3770,3746,2401
5507,5507,3760,4382,2618
5435,5435,3878,3808,2070
5547,5547,4739,3664,2209
5650,5650,3791,3845,2124
5593,5593,3791,3823,2113
5681,5681,3751,4260,2318
5487,5487,3809,3907,2100
5464,5464,3844,3863,2129
5463,5463,4152,3879,2089
5466,5466,3817,3786,2035
5508,5508,4132,3931,2178
5488,5488,3841,3761,2124
5552,5552,3858,3896,2131
5452,5452,3585,3981,2267
5583,5583,4297,3798,2124
5512,5512,3882,3923,2201
5546,5546,4464,3883,2174
5697,5697,3717,3792,2034
5426,5426,3817,3823,2045
5702,5702,3786,4071,2346
5717,5717,4178,4005,2251
5596,5596,3835,4083,2188
5442,5442,3808,3877,2091
5444,5444,3799,3779,2012
5447,5447,3903,3786,2159
6011,6011,4183,3809,2075
5879,5879,4192,3952,2175
5457,5457,3996,3741,2156
5471,5471,3868,3886,2063
5523,5523,3857,3792,2141
5475,5475,3869,3875,2125
5465,5465,3811,3873,2122
5458,5458,4192,3853,2167
5662,5662,3775,4233,2508
5516,5516,3807,3853,2079
5463,5463,3782,3813,2041
5492,5492,3875,3809,2167
5559,5559,3783,3885,2030
5562,5562,4231,3765,2161
5479,5479,3784,3771,2174
5514,5514,3760,3875,2071
5497,5497,3822,4038,2314
5509,5509,3891,3952,2153
5618,5618,3929,3869,2160
5460,5460,4151,3814,2068
5468,5468,3915,3929,2225
5567,5567,4069,3862,2146
5581,5581,3762,4366,2587
5671,5671,3780,3859,2238
5493,5493,3855,3796,2078
5876,5876,4164,3773,2069
5564,5564,3813,3792,2049
5530,5530,4042,3776,2083
5609,5609,2969,4684,2787
5495,5495,3796,3885,2166
5466,5466,3991,3847,2127
5543,5543,3774,3845,2079
5501,5501,3840,3818,2040
5532,5532,3841,3920,2211
5501,5501,3855,3776,2084
5519,5519,3921,3828,2080
5601,5601,3799,4102,2368
5410,5410,4284,3745,2040
5459,5459,3756,4068,2369
5512,5512,3735,3970,2193
5564,5564,4052,3886,2167
5451,5451,3867,3829,2063
5478,5478,3817,3782,2048
5585,5585,4172,3789,2059
5656,5656,3890,3904,2001
5709,5709,3830,3891,2176
5442,5442,3745,3814,2118
5566,5566,3794,3822,2156
5499,5499,3851,3822,2081
5444,5444,4400,3860,2215
5516,5516,3881,4095,2377
5521,5521,4328,3875,2134
5512,5512,3849,3864,2089
5445,5445,3850,3836,2095
5508,5508,3765,3889,2104
5655,5655,3697,3931,2207
5597,5597,3941,3830,2077
5684,5684,4178,3841,2059
5490,5490,4200,3791,2024
5532,5532,4209,3872,2124
5615,5615,3882,4170,2258
5579,5579,4169,3831,2035
5460,5460,3892,3874,2120
5541,5541,4217,3820,2077
5518,5518,3563,4056,2332
5512,5512,3876,4129,2358
5443,5443,3863,3843,2182
5659,5659,3799,3763,2214
5527,5527,4171,3762,2130
5476,5476,4245,3901,2130
5599,5599,3870,3907,2166
5466,5466,3810,3890,2185
5501,5501,3535,3957,2270
5475,5475,3752,3757,2057
5452,5452,3836,3729,2311
5532,5532,4232,3796,2110
5614,5614,3885,3882,1994
5503,5503,3796,3888,2164
5484,5484,3782,3755,2123
5462,5462,3678,3904,2166
5602,5602,3810,3824,2045
5585,5585,3782,4186,2441
5448,5448,3967,3736,2194
5473,5473,3830,3797,2148
5458,5458,3519,4073,2297
5475,5475,4218,3830,2030
5478,5478,3813,4856,2216
5591,5591,3778,3950,2220
5522,5522,3787,4157,2412
5490,5490,3791,3843,2106
5708,5708,3768,3946,2043
5458,5458,4260,3825,2176
5549,5549,3826,3901,2127
5520,5520,3796,3820,2056
5499,5499,3759,3842,2096
5545,5545,3877,4015,2298
5761,5761,3777,3871,2135
5510,5510,4187,3975,2218
5492,5492,3810,3703,2039
5549,5549,3782,3907,2127
5596,5596,3786,3859,2138
5525,5525,3823,4062,2282
5464,5464,3682,4279,2498
5741,5741,3850,4266,2658
5606,5606,3888,3786,2183
5538,5538,4540,3845,2063
5496,5496,3781,3799,2137
5553,5553,4168,3880,2124
5642,5642,3710,4148,2294
5500,5500,3827,3910,2155
5615,5615,3888,3679,2044
5568,5568,4171,3787,2053
5517,5517,4169,3947,2199
5504,5504,4226,3894,2167
5452,5452,3912,3758,2088
5477,5477,3778,3775,2056
5488,5488,3783,4047,2283
5558,5558,4202,3817,2101
5497,5497,3823,3937,2164
5640,5640,3551,4258,2412
5485,5485,3874,3820,2066
5522,5522,3867,3795,2104
5467,5467,3865,4187,2427
5576,5576,4191,3830,2075
5729,5729,3905,3875,1995
5510,5510,3794,3783,2027
5552,5552,3775,3820,2117
5504,5504,3820,3939,2193
5913,5913,4237,3781,2175
5536,5536,3801,4037,2420
5545,5545,3834,3754,2057
5692,5692,3868,4333,2204
5478,5478,3749,3773,2098
5463,5463,3749,3808,2184
5573,5573,3858,3979,2210
5580,5580,3950,3915,2148
5467,5467,3948,4124,2407
5582,5582,4295,3778,1959
5698,5698,3785,3853,2078
5549,5549,3815,3872,2082
5575,5575,3820,3927,2011
5620,5620,3950,3870,2158
5561,5561,3831,3829,2077
5596,5596,4155,3862,2095
5482,5482,4168,3770,2034
5621,5621,3884,3939,2097
5566,5566,3889,3741,2165
5563,5563,3766,3903,2147
5435,5435,3803,3848,2096
5486,5486,4227,3842,2118
5519,5519,3884,4239,2517
5538,5538,3727,3873,2109
5455,5455,3880,3808,2065
5435,5435,3795,3851,2089
5495,5495,4183,3958,2201
5490,5490,3828,3883,2084
5785,5785,3765,3903,1988
5589,5589,3842,3883,2135
5424,5424,3783,3761,2346
5549,5549,4060,3993,2240
5496,5496,3746,3774,2018
5570,5570,3865,3942,2130
5533,5533,3830,3801,2136
5475,5475,3771,3786,2141
5531,5531,4202,4168,2404
5457,5457,3935,4083,2348
5655,5655,4494,3874,2128
5506,5506,3843,3922,2150
5526,5526,3905,3780,2045
5615,5615,3786,3871,2183
5450,5450,3795,3849,2058
5635,5635,5356,3857,2097
5642,5642,3725,4046,2148
5518,5518,3773,3836,2081
5576,5576,3771,3770,2022
5472,5472,3855,3827,2063
5494,5494,3579,3985,2254
5521,5521,4248,3868,2137
5426,5426,3885,4113,2481
5605,5605,4544,3866,2203
5525,5525,3777,3836,2092
5546,5546,4211,3898,2108
5468,5468,3859,3875,2132
5508,5508,3751,3938,2201
5479,5479,3862,3809,2065
5532,5532,4182,3770,2125
6947,6947,4000,3829,659
5566,5566,3715,3850,2067
5616,5616,3825,4210,2275
5484,5484,3795,3879,2162
5526,5526,3849,3757,2030
5494,5494,4152,3863,2094
5474,5474,3909,3665,2126
5634,5634,3827,3957,2216
5475,5475,3937,3757,2185
5401,5401,3894,3858,2128
5494,5494,3932,3770,2028
5472,5472,4217,3759,2116
5512,5512,3812,3931,2214
5471,5471,3717,3941,2177
5467,5467,3829,3807,2069
5494,5494,3825,3810,2054
5475,5475,3821,4096,2358
5550,5550,4334,3941,2192
5600,5600,3854,3865,1998
5482,5482,3809,3847,2093
5666,5666,3816,3876,2090
5585,5585,3779,3824,2201
5464,5464,3786,3835,2057
5487,5487,3867,3881,2173
5485,5485,3823,3777,2099
5661,5661,3772,3865,2075
5470,5470,3777,3771,2155
5580,5580,4357,3935,2154
5474,5474,3836,3946,2193
5615,5615,3680,3927,2182
5448,5448,3925,3780,2331
5457,5457,3856,3856,2047
5692,5692,3748,3777,2087
5525,5525,4218,3865,2252
5647,5647,3905,3951,2043
5664,5664,3813,3896,2140
5497,5497,3773,3735,2114
5481,5481,3845,3875,2133
5640,5640,4271,3795,2066
5592,5592,4346,5545,2109
5470,5470,3931,3704,2100
5479,5479,3763,3863,2137
5479,5479,3779,4129,2411
5483,5483,3838,3808,2061
5492,5492,3820,4221,2459
5513,5513,3687,4271,2501
5467,5467,3871,3795,2081
5492,5492,4205,3803,2142
5668,5668,3802,3800,2056
5494,5494,3818,3778,2135
5618,5618,4140,4156,2289
5481,5481,3796,3863,2124
5568,5568,3783,3806,2024
5476,5476,4175,3770,2023
5838,5838,3873,3785,2058
5438,5438,3560,4531,2784
5488,5488,3815,4043,2389
5484,5484,3771,3819,2053
5436,5436,3804,3830,2114
5503,5503,4247,3834,2147
5458,5458,3760,4073,2341
5553,5553,4507,3969,2228
5504,5504,3763,3848,2070
5443,5443,3815,3877,2104
5591,5591,3812,4149,2405
5529,5529,4165,3871,2124
5960,5960,3787,3911,1994
5459,5459,3790,3840,2064
5737,5737,3804,3849,2096
5885,5885,3770,3836,2109
5483,5483,3803,3828,2080
5570,5570,3877,3906,2131
5615,5615,3862,3795,2063
5543,5543,3790,3851,2076
5471,5471,3783,3859,2092
5576,5576,3826,3794,2067
5503,5503,3769,4053,2349
5617,5617,3574,3994,2190
5460,5460,3800,4171,2393
5481,5481,3801,3726,2022
5515,5515,3804,3789,2175
5498,5498,4232,3834,2161
5618,5618,3852,3871,1980
5501,5501,3816,3825,2054
5482,5482,3699,3983,2211
5512,5512,3842,3888,2161
5533,5533,3810,3823,2049
5492,5492,4332,3964,2166
5444,5444,3855,3866,2198
5423,5423,3883,3811,2072
5557,5557,3750,3852,2072
5521,5521,3832,3840,2075
5603,5603,3834,4231,2542
5515,5515,4135,3923,2218
5466,5466,3742,3965,2211
5696,5696,3791,3885,2138
5451,5451,3918,3831,2106
5521,5521,3619,3944,2200
5586,5586,3730,4067,2213
5523,5523,3781,3957,2196
5604,5604,3888,3800,2037
5458,5458,4217,3895,2087
5544,5544,3947,3688,2163
5488,5488,3909,3854,2236
5497,5497,3891,3890,2219
5473,5473,3771,3921,2136
5460,5460,3816,3808,2287
5706,5706,4270,3800,2077
5541,5541,3796,3781,2188
5496,5496,3578,3882,2164
5509,5509,3969,3805,2087
5495,5495,3832,3918,2164
5575,5575,3792,3859,2148
5601,5601,4180,3934,2142
5575,5575,4331,3890,2143
5469,5469,3747,3805,2057
5563,5563,3694,3883,2100
5571,5571,4148,3874,2227
5539,5539,3540,4106,2401
5608,5608,5460,3936,2189
5659,5659,4268,4238,2602
5435,5435,4185,3835,2043
5457,5457,3846,3799,2092
5480,5480,3812,3907,2151
5554,5554,4631,3912,2178
5456,5456,3828,3981,2231
5642,5642,3797,3813,2043
5447,5447,4277,3821,2060
5486,5486,3830,3820,2090
5520,5520,3959,3842,2132
5619,5619,3755,4207,2294
5452,5452,4194,3907,2133
5640,5640,3798,3771,2167
5529,5529,4224,3839,2119
5634,5634,3971,4038,2293
5663,5663,4231,3864,2205
5539,5539,3816,3664,1973
5562,5562,3887,3769,2114
5483,5483,3892,3773,2027
6574,6574,4274,3676,1102
5642,5642,3831,3959,2163
5725,5725,3727,3998,2081
5485,5485,3787,3864,2109
5457,5457,3794,3864,2132
5433,5433,3893,3687,2254
5489,5489,4232,3794,2068
5624,5624,3809,3948,2030
5501,5501,3695,3955,2201
5611,5611,3926,3743,2051
5512,5512,3794,3816,2082
5559,5559,3893,3794,2070
5631,5631,3918,3903,2116
5648,5648,3818,3757,2087
5568,5568,3786,3974,2262
5690,5690,3916,3807,2038
5586,5586,4201,3841,2207
5512,5512,3960,3795,2190
5442,5442,3712,3888,2188
5442,5442,3781,4195,2463
5510,5510,4014,3565,2135
5431,5431,3860,3789,2030
5496,5496,4354,3818,2068
5606,5606,3772,3842,2085
5551,5551,3768,4052,2323
5576,5576,3762,3809,2275
5478,5478,3757,3858,2129
5448,5448,3852,3742,2114
5563,5563,4256,4058,2158
5551,5551,3958,3801,2130
5546,5546,3823,3853,2082
5523,5523,3879,3803,2084
5474,5474,3915,3820,2041
5479,5479,3867,4111,2452
5484,5484,3940,4271,2536
5419,5419,3673,3968,2242
5538,5538,4196,3835,2073
5442,5442,3897,3799,2086
5525,5525,3835,3759,2138
5999,5999,5924,3870,3798
5774,5774,4002,3796,2181
5693,5693,3583,4068,2329
5470,5470,4099,3968,2135
5465,5465,3802,3810,2031
5575,5575,3914,3906,2275
5519,5519,4231,3791,2097
5456,5456,3965,3656,2174
5569,5569,3769,4014,2229
5490,5490,4292,3837,2089
5597,5597,3883,4016,2255
5765,5765,4297,4003,2274
5463,5463,3813,3868,2107
5525,5525,3807,3814,2062
5548,5548,3837,3753,2312
5544,5544,4442,3832,2108
5763,5763,3823,3920,2000
5533,5533,3887,3860,2071
5574,5574,3813,3746,2122
5530,5530,3827,3859,2078
5539,5539,3780,3779,2054
5951,5951,4068,3808,2184
5759,5759,4000,3986,2297
5487,5487,3821,3797,2121
5446,5446,3813,3801,2160
5754,5754,3792,4180,2397
5511,5511,3754,3941,2166
5531,5531,3875,3821,2173
5465,5465,3898,3667,2309
5501,5501,3761,3782,2006
5506,5506,3796,3867,2163
5501,5501,4254,3785,2147
5593,5593,3756,3930,2017
5626,5626,3938,3900,2108
5511,5511,3801,3729,2081
5515,5515,3796,3797,2016
5655,5655,3759,3871,2122
5477,5477,4214,3857,2183
5486,5486,3865,3773,2057
5540,5540,3775,3870,2124
5511,5511,3771,3798,2051
5617,5617,3835,3958,2198
5490,5490,3850,4233,2473
5648,5648,4218,3799,2175
5480,5480,3816,3798,2092
5495,5495,3850,3854,2081
5465,5465,3757,3868,2160
5475,5475,4028,3846,2185
5631,5631,3786,3836,2057
5478,5478,3924,3763,2120
5612,5612,3845,3895,2238
5497,5497,4219,3774,2043
5554,5554,3793,3762,2128
5541,5541,3958,3882,2133
5488,5488,3819,3743,2056
5447,5447,4214,3820,2057
5444,5444,3875,4138,2412
5653,5653,4374,3691,2144
5552,5552,3818,3692,2155
5683,5683,3747,3959,2122
5582,5582,3891,3834,2154
5475,5475,3593,4068,2270
5538,5538,3833,3829,2037
5476,5476,4304,3761,2065
5662,5662,3992,4038,2177
5613,5613,3795,3874,2160
5491,5491,3747,3823,2127
5575,5575,3824,3871,2056
5411,5411,3837,3777,2072
5439,5439,4247,3884,2213
5528,5528,3855,3701,2327
5487,5487,4375,4109,2411
5431,5431,3833,3770,2060
5633,5633,3762,3789,2020
5497,5497,3839,3793,2248
5497,5497,4204,4131,2424
5485,5485,3816,3807,2075
5458,5458,4181,3835,2046
5457,5457,3767,3863,2111
5437,5437,3856,3803,2074
5684,5684,2864,4867,2974
5503,5503,3821,4065,2286
5515,5515,3788,3848,2108
5444,5444,4208,3822,2095
5469,5469,3807,3827,2107
5465,5465,3915,3903,2242
5563,5563,3844,3828,2132
5631,5631,3786,3744,2121
5575,5575,3755,3786,2130
5459,5459,4225,3869,2124
5503,5503,3926,3785,2404
5490,5490,3735,3900,2135
5509,5509,3770,3776,2016
5655,5655,3888,3863,2070
5530,5530,3904,4132,2367
5523,5523,4231,3897,2096
5591,5591,3784,3853,2076
5488,5488,3767,3929,2154
5578,5578,3887,3953,2192
5487,5487,3928,3814,2033
5513,5513,3848,3801,2077
5476,5476,3786,3896,2247
5506,5506,3944,3796,2220
5687,5687,3802,4060,2329
5440,5440,3876,3861,2116
5511,5511,4202,3760,2043
5612,5612,3777,3981,2208
5516,5516,3747,3931,2201
5697,5697,3804,4092,2386
5547,5547,3742,3828,2184
5476,5476,3883,3718,2104
5567,5567,4368,3841,2034
5639,5639,3806,3841,2034
5468,5468,4085,3957,2235
5701,5701,3804,3944,2227
5568,5568,3845,3847,2083
5557,5557,3854,3750,2024
5606,5606,4247,3897,2134
5618,5618,3847,3695,2126
5507,5507,3838,3844,2113
5493,5493,3839,3928,2210
5490,5490,4021,3828,2102
5522,5522,3807,4284,2544
5509,5509,3861,4373,2593
5515,5515,3790,3904,2155
5531,5531,4234,3784,2049
5534,5534,3766,3795,2088
5464,5464,3813,3915,2156
5636,5636,3647,4185,2258
5465,5465,3780,3798,2088
5576,5576,3851,3788,2184
5464,5464,4180,3835,2092
5484,5484,3767,3821,2074
5468,5468,3924,3823,2168
5488,5488,3971,3713,2061
5562,5562,3862,3863,2136
5479,5479,3792,3823,2063
5517,5517,4152,3842,2058
5570,5570,3800,3822,2090
5604,5604,3794,3905,2143
5473,5473,3836,3919,2168
5497,5497,3947,3826,2101
5447,5447,3777,4070,2333
5463,5463,4275,3886,2121
5676,5676,3795,3863,1964
5542,5542,3820,3864,2067
5476,5476,3780,3864,2069
5465,5465,3822,3798,2053
5532,5532,3783,3796,2060
5686,5686,3901,3965,2164
5637,5637,3918,3949,2290
5548,5548,3795,3834,2017
5567,5567,3862,3873,2162
5437,5437,3823,3952,2219
5471,5471,3764,3936,2175
5479,5479,3727,3928,2138
5482,5482,4235,4142,2441
5540,5540,3765,3842,2125
5470,5470,3794,3924,2175
5556,5556,4342,3796,2056
5672,5672,3542,4068,2227
5502,5502,3834,3796,2132
5681,5681,3810,3817,2082
5525,5525,3757,3783,2015
5492,5492,3607,3950,2227
5415,5415,4251,3920,2208
5491,5491,3942,3805,2134
5432,5432,3820,3805,2074
5680,5680,3738,3829,2077
5644,5644,3747,3788,2035
5566,5566,3773,4186,2450
5464,5464,4174,3941,2207
5506,5506,3824,3767,2052
5642,5642,3786,3831,2103
5505,5505,3915,3868,2084
5429,5429,3879,3837,2052
5590,5590,3809,3866,1994
5563,5563,3905,3833,2121
5504,5504,3862,3796,2060
5513,5513,4170,3885,2077
5484,5484,3828,3744,1980
5545,5545,3828,3890,2124
5554,5554,3796,3730,2193
5562,5562,3796,3881,2077
5497,5497,3836,4145,2369
5446,5446,4165,3820,2050
5494,5494,3788,3878,2140
5532,5532,3613,4044,2292
5486,5486,3861,3815,2122
5736,5736,3820,3883,2109
5600,5600,3799,3780,2136
5537,5537,4691,3918,2163
5651,5651,3788,4089,2164
5444,5444,3828,3845,2079
5611,5611,3848,3829,2083
5547,5547,3794,3857,2096
5629,5629,3781,3784,2010
5704,5704,4406,3935,2128
5437,5437,3827,3717,2329
5445,5445,4218,3872,2075
5454,5454,3535,4018,2263
5464,5464,3738,4064,2282
5655,5655,3757,3949,2177
5458,5458,3796,3930,2224
5446,5446,3926,3743,2099
5529,5529,4291,3962,2200
5470,5470,3866,3786,2043
5562,5562,3826,3827,2106
5628,5628,3738,4201,2340
5545,5545,3794,3925,2212
5499,5499,3783,3819,2119
5465,5465,4006,3977,2237
5451,5451,3570,4020,2307
5498,5498,3952,3961,2188
5454,5454,3824,4022,2359
5533,5533,3738,3886,2103
5419,5419,3801,3830,2075
5535,5535,4165,3997,2193
5459,5459,3786,3975,2227
5623,5623,3841,3905,2150
5501,5501,3748,3831,2096
5545,5545,3779,3821,2030
5575,5575,3601,4239,2484
5608,5608,4388,3893,2147
5648,5648,3678,3899,2029
5460,5460,3730,3875,2086
5576,5576,3786,3847,2099
5602,5602,3781,3838,2067
5448,5448,3860,3774,2015
5809,5809,3718,4041,2309
5548,5548,3881,3906,2245
5519,5519,3740,3796,2005
5475,5475,3589,4007,2240
5479,5479,4201,3775,2000
5523,5523,3806,3970,2194
5539,5539,3849,3891,2150
5463,5463,3832,4161,2372
5531,5531,3764,3876,2163
5511,5511,3860,3782,2005
6933,6933,4238,3883,681
5629,5629,3802,3887,2074
5593,5593,3624,3938,2173
5515,5515,3934,3817,2069
5470,5470,3783,3796,2048
5660,5660,3746,4022,2177
5558,5558,4296,3825,2137
5500,5500,3850,3717,2137
5491,5491,3995,3812,2254
5496,5496,3775,3982,2213
5577,5577,3789,3948,2188
5569,5569,3809,4186,2460
5534,5534,3612,4534,2749
5479,5479,3912,3849,2106
5615,5615,4316,3809,2157
5439,5439,3773,3768,2069
5511,5511,3867,3864,2106
5663,5663,3743,4202,2296
5429,5429,3766,3833,2080
5550,5550,3784,3894,2172
5442,5442,4207,3838,2098
5607,5607,3509,4021,2298
5522,5522,3582,4161,2433
5461,5461,3872,3806,2148
5563,5563,3823,3811,2079
5704,5704,3915,3754,2143
5501,5501,4338,3823,2080
5568,5568,3591,4151,2415
5474,5474,3551,4229,2515
5547,5547,3802,3791,2083
5583,5583,3791,3852,2111
5638,5638,3786,4202,2418
5474,5474,4228,3832,2096
5637,5637,3814,3836,2056
5712,5712,3786,3993,2205
5781,5781,3710,3796,2176
5601,5601,3817,3897,2047
5468,5468,3791,3839,2121
5661,5661,3854,3960,2227
5480,5480,4991,2647,2979
5592,5592,3720,3922,2137
5478,5478,3843,3743,2043
5490,5490,3809,3750,2138
5621,5621,3807,3919,2204
5510,5510,3762,3929,2154
5443,5443,3783,4184,2449
5649,5649,3810,3828,2179
5484,5484,3990,3785,2178
5456,5456,4211,3912,2210
5588,5588,3954,3897,2014
5502,5502,3795,3891,2148
5495,5495,3765,3759,2128
5463,5463,3809,3879,2056
5536,5536,3818,3838,2096
5576,5576,4337,3875,2155
5683,5683,3948,3734,2187
5529,5529,3828,3889,2148
5444,5444,3816,3810,2086
5580,5580,3855,3938,2186
5437,5437,3747,4172,2474
5492,5492,4235,3949,2197
5651,5651,3866,3810,2061
5553,5553,3816,3772,2003
5488,5488,3818,3850,2134
5497,5497,4072,3789,2129
5688,5688,3781,3911,1951
5462,5462,3774,3815,2023
5514,5514,3762,3839,2093
5511,5511,4196,3845,2086
5592,5592,3664,3963,2281
5440,5440,4259,3929,2185
5484,5484,3818,3778,2103
5500,5500,3820,3957,2255
5480,5480,3818,4126,2392
5516,5516,4256,3774,2028
5484,5484,3782,3890,2148
5520,5520,3651,4065,2290
5520,5520,3794,3869,2117
5516,5516,3775,3839,2201
5498,5498,3787,3767,2005
5594,5594,4264,3837,2122
5613,5613,3782,3923,2045
5578,5578,3787,3825,2095
5499,5499,3777,3832,2102
5471,5471,3737,3863,2125
5541,5541,3849,3739,2019
5599,5599,4268,3937,2187
5467,5467,3846,4054,2366
5508,5508,4147,3916,2158
5421,5421,3771,3711,2078
5491,5491,3604,4112,2349
5582,5582,3772,3928,2171
5525,5525,3752,3935,2194
5454,5454,3803,3770,2069
5479,5479,4235,3757,2050
5497,5497,3770,3738,2006
5458,5458,3826,3797,2057
5577,5577,3770,4170,2274
5506,5506,3817,3915,2206
5549,5549,3862,3779,2070
5466,5466,4203,3814,2046
5461,5461,3793,3824,2060
5465,5465,3874,3952,2188
5500,5500,3931,3745,2193
5454,5454,3771,3814,2077
5507,5507,3813,3808,2092
5497,5497,4247,3775,2023
5471,5471,3738,3838,2113
5507,5507,3771,3866,2254
5463,5463,3796,3836,2093
5465,5465,3881,3915,2263
5482,5482,3801,4197,2471
5478,5478,4220,3847,2099
5611,5611,3831,3920,2013
5493,5493,3742,3875,2080
5495,5495,3776,3806,2074
5553,5553,3790,3839,2158
5589,5589,3826,3846,2090
5520,5520,3905,3816,2112
7179,7179,4335,3678,2198
5549,5549,3967,3991,2250
5537,5537,3766,3823,2078
5467,5467,4198,3935,2120
5627,5627,3828,3922,2207
5511,5511,4416,3930,2200
5563,5563,3966,3740,2271
5477,5477,3817,3852,2094
5599,5599,3809,3728,1984
5457,5457,4397,3763,2109
5641,5641,3746,3841,1967
5501,5501,3819,3764,2024
5502,5502,3746,3781,2079
5577,5577,3816,3799,2053
5498,5498,3584,4002,2208
5656,5656,4253,3925,2151
5457,5457,3852,3763,2070
5461,5461,3817,3841,2096
5783,5783,3779,3757,2044
5563,5563,3801,3842,2079
5453,5453,3886,5214,3727
5499,5499,3751,4274,2505
5506,5506,3875,3725,2127
5480,5480,4258,3853,2091
5576,5576,3834,3942,2181
5553,5553,3986,3916,2174
5708,5708,3723,4244,2328
5434,5434,3899,3759,2062
5599,5599,3846,3775,2143
5455,5455,4126,3799,2049
5465,5465,3809,3781,2069
5712,5712,3888,3921,2183
5478,5478,3896,3773,2129
5470,5470,3818,3783,2026
5503,5503,3816,3843,2076
5472,5472,4199,3783,2036
5455,5455,3726,3862,2102
5642,5642,3678,3962,2222
5457,5457,3805,3787,2076
5460,5460,3802,3887,2109
5495,5495,3788,4110,2386
5461,5461,4216,3878,2115
5598,5598,3831,3895,2013
5469,5469,3903,3889,2096
5529,5529,3728,4059,2316
5570,5570,3749,3823,2197
5829,5829,4205,3809,2085
5617,5617,4425,3910,2202
5684,5684,3814,3715,2109
5535,5535,3768,3855,2096
5478,5478,3717,3763,2043
5584,5584,3913,3850,2121
5796,5796,3802,3955,2208
5641,5641,4239,3920,2273
5571,5571,3840,4190,2445
5497,5497,3854,3787,2077
5539,5539,3817,3934,2195
5483,5483,3873,3887,2140
5606,5606,3822,3966,2006
5702,5702,4250,4390,2083
5608,5608,4018,3910,2155
5603,5603,3775,3811,2148
5502,5502,3722,3847,2077
5887,5887,3840,3966,2219
5560,5560,3823,3749,2229
5532,5532,4251,3757,2126
5582,5582,3829,3798,2155
5420,5420,3837,3872,2212
5444,5444,3840,4222,2525
5558,5558,3861,3859,2198
5503,5503,3849,3857,2081
5988,5988,4161,3800,2035
5484,5484,3959,3840,2123
5523,5523,3909,3954,2214
5590,5590,3803,3994,2128
5605,5605,3775,3834,2091
5629,5629,3787,3890,2129
5507,5507,3795,3816,2033
5435,5435,3849,3952,2238
5724,5724,3867,3873,2162
5470,5470,3840,3691,2012
5498,5498,3810,3823,2050
5454,5454,3849,3778,2361
5454,5454,4184,3865,2125
5603,5603,3831,3908,2153
5476,5476,3890,3853,2201
5513,5513,3861,3879,2140
5500,5500,3931,3874,2144
5488,5488,4099,3803,2032
5427,5427,4224,3898,2141
5590,5590,3528,4014,2167
5578,5578,3824,3888,2194
5559,5559,3933,3858,2219
5498,5498,3840,3872,2069
5518,5518,3565,4113,2368
5555,5555,4367,3904,2175
5495,5495,3780,4253,2506
5636,5636,4334,4256,2533
5652,5652,3751,3755,2045
5509,5509,3491,4018,2249
5527,5527,4193,3898,2170
5555,5555,3687,3959,2226
5528,5528,3821,3796,2069
5431,5431,4195,3845,2129
5487,5487,3729,3794,2099
5523,5523,3646,4132,2388
5851,5851,3811,4200,2332
5533,5533,3809,4141,2397
5702,5702,3981,3986,2232
5525,5525,4213,3770,2100
5445,5445,3897,3812,2057
5591,5591,3870,3958,2150
5790,5790,3890,3695,2156
5789,5789,3770,3859,2093
5642,5642,3680,3904,2171
5484,5484,3951,4015,2247
5736,5736,3952,3876,2272
5533,5533,3742,3905,2161
5502,5502,4192,3868,2105
5814,5814,3899,3936,2134
5486,5486,3819,4251,2517
5468,5468,4118,4137,2412
5798,5798,3892,3910,2003
5550,5550,4228,3848,2146
5637,5637,3663,3888,2143
5425,5425,3836,3902,2063
5700,5700,3841,3794,2040
5541,5541,3872,3870,2132
5467,5467,3924,3800,2344
5466,5466,3797,3846,2101
5573,5573,3960,3960,2350
5470,5470,4269,3836,2082
5598,5598,3757,3804,2010
5540,5540,3626,3973,2364
5565,5565,3739,4144,2294
5480,5480,3823,3739,2092
5482,5482,3957,3868,2141
5500,5500,4333,3701,2063
5631,5631,3875,3843,2003
6043,6043,3788,3915,2187
5570,5570,3782,3915,2150
5501,5501,4112,3843,2035
5444,5444,3823,3809,2082
5584,5584,4262,3820,2164
5542,5542,3874,3746,2076
5665,5665,3825,3792,2036
5507,5507,3861,3760,2044
5496,5496,4212,3947,2202
5501,5501,3768,4234,2467
5527,5527,3709,4417,2611
5473,5473,3991,3970,2092
5472,5472,3968,4221,2465
5450,5450,3820,3847,2115
5445,5445,3919,3796,2154
5718,5718,3835,3770,2052
5645,5645,3809,3879,2140
5441,5441,3803,3784,2064
5468,5468,4400,3839,2126
5485,5485,3820,3795,2064
6681,6681,3834,3915,1059
5583,5583,3639,4034,2382
5448,5448,3958,3783,2157
5610,5610,3781,3781,2120
5447,5447,3954,3937,2202
5472,5472,3834,3895,2174
5460,5460,3783,3886,2128
5505,5505,3838,3850,2121
5434,5434,4101,3844,2110
5492,5492,3851,3779,2315
5610,5610,4274,3799,2003
5583,5583,3772,3885,2131
5469,5469,3775,3854,2092
5608,5608,3738,3801,2107
5545,5545,3755,3935,2063
5597,5597,3560,4055,2255
5481,5481,3931,3923,2165
5542,5542,3892,3690,2125
5456,5456,3709,3805,2161
5436,5436,3811,3801,2043
5495,5495,3815,3757,2000
5650,5650,3957,3741,2125
5598,5598,3747,3928,2159
5442,5442,3796,4184,2453
5486,5486,3852,3771,1963
5465,5465,3799,3768,2051
5470,5470,4313,3921,2129
5643,5643,3834,3940,2063
5573,5573,3810,3849,2194
5525,5525,3819,3786,2165
5508,5508,3824,3786,2148
5464,5464,3817,3744,2149
5596,5596,4372,3897,2161
5553,5553,3858,3766,2100
5421,5421,3769,3888,2175
5459,5459,3795,3800,2069
5598,5598,3819,3902,2133
5473,5473,3803,4215,2461
5536,5536,3937,4081,2376
6248,6039,6248,3800,4146
5553,5553,3901,3883,2083
5489,5489,3774,3813,2270
5553,5553,4017,3821,2082
5652,5652,3828,3909,2038
5536,5536,3785,3887,2139
5549,5549,3820,3853,2140
5540,5540,4376,3776,1905
5482,5482,3872,3745,2013
5471,5471,3854,3881,2266
5625,5625,3796,3764,1978
5536,5536,3835,3786,2065
5563,5563,3806,4117,2393
5497,5497,4194,3838,2102
5523,5523,3788,3847,2109
5544,5544,4429,3913,2134
5580,5580,3793,3758,2128
5515,5515,3808,3805,2135
5507,5507,3823,3806,2108
5544,5544,4233,3786,2142
5586,5586,3779,3808,1940
5499,5499,3798,3823,2051
5597,5597,3538,3937,2252
5491,5491,3805,3862,2079
5534,5534,3778,3951,2162
5449,5449,4316,3828,2191
5550,5550,3864,4265,2551
5452,5452,3938,3977,2267
5469,5469,3808,3857,2105
5475,5475,3834,3850,2060
5665,5665,3768,4016,2253
5523,5523,4531,3915,2175
5510,5510,3922,3770,2040
5487,5487,4205,3855,2109
5459,5459,3801,3793,2089
5521,5521,3925,3813,2052
5827,5827,3905,4215,2327
5549,5549,3823,3771,2028
5513,5513,3766,3835,2104
5568,5568,4302,3874,2056
5531,5531,3523,3968,2254
5466,5466,3920,3945,2280
5626,5626,3840,3773,2107
5463,5463,3965,3891,2132
5597,5597,3764,3767,2021
5485,5485,4167,3866,2148
5489,5489,3826,3841,2069
5578,5578,3876,3915,2137
5463,5463,3759,3858,2094
5529,5529,3805,3981,2171
5492,5492,3785,4163,2413
5456,5456,4210,3798,2144
5744,5744,3768,3877,1986
5515,5515,3883,3853,2060
5493,5493,3792,3841,2037
5517,5517,3809,3859,2096
5643,5643,3770,3825,2071
5497,5497,3902,3935,2149
5519,5519,3891,3742,2088
5429,5429,3799,3855,2109
5455,5455,3779,3786,2061
5482,5482,4184,3844,2080
5470,5470,3841,3828,2096
5489,5489,3743,3939,2134
5440,5440,3804,4153,2404
5541,5541,3902,3754,2135
5448,5448,3814,3835,2082
5475,5475,4248,3836,2056
5635,5635,3792,3848,2075
5476,5476,3752,3830,2057
5610,5610,3794,3782,2041
5427,5427,3788,3809,2083
5662,5662,3909,4035,2306
5473,5473,4294,3911,2188
5524,5524,3850,3699,2174
5557,5557,3899,3801,2134
5475,5475,3806,3766,2035
5416,5416,3920,3759,2012
5500,5500,3745,4219,2431
5611,5611,3850,4359,2537
5609,5609,3867,3785,2069
5607,5607,4195,3950,2192
5486,5486,3925,3998,2262
5491,5491,4229,3976,2249
5629,5629,3748,4184,2262
5532,5532,3970,3847,3981
5540,5540,3560,3998,2280
5574,5574,4190,3870,2121
5489,5489,3798,3758,2030
5545,5545,3875,3849,2102
5560,5560,4220,3711,2022
5470,5470,3793,3797,2047
5629,5629,3814,3764,2024
5468,5468,3929,4085,2326
5511,5511,3785,3902,2199
5492,5492,3743,3854,2242
5478,5478,3902,3776,2122
5582,5582,3804,3782,2043
5476,5476,3766,4053,2372
5485,5485,4358,3761,2101
5727,5727,3783,3926,1958
5536,5536,4060,3844,2125
5549,5549,3789,3851,2082
5484,5484,3754,3864,2127
5512,5512,3763,3750,2040
5521,5521,3935,3938,2197
5510,5510,3930,3854,2168
5501,5501,3726,3922,2120
5609,5609,3782,3855,2146
5566,5566,3826,3919,2172
5407,5407,3832,3870,2292
5451,5451,3750,3868,2122
5500,5500,3801,4180,2447
5537,5537,3847,3863,2126
5567,5567,3677,4008,2231
5655,5655,4139,3971,2225
5639,5639,3795,3927,2062
5473,5473,3783,3811,2059
5533,5533,3920,4054,2338
5537,5537,4020,4108,2194
5504,5504,3915,3753,2125
5593,5593,4608,3855,2091
5625,5625,3875,3824,2170
5470,5470,4317,3822,2101
5470,5470,4145,3838,2100
5606,5606,4252,3775,2046
5476,5476,3770,4291,2510
5500,5500,4179,3900,2236
5464,5464,3788,3963,2233
5532,5532,3902,3827,2118
5549,5549,3832,3765,2038
5541,5541,3821,3936,2157
5666,5666,3779,3974,2057
5539,5539,3905,3944,2341
5546,5546,3835,3732,2122
5479,5479,4169,3849,2103
5536,5536,3823,3853,2122
5474,5474,3776,3952,2199
5536,5536,3944,3580,2135
5519,5519,3992,3744,2127
5598,5598,3838,4429,2690
5543,5543,4258,3780,2108
5505,5505,3781,4146,2426
5576,5576,3689,3958,2141
5467,5467,4064,3801,2020
5499,5499,3807,3928,2119
5459,5459,3778,3802,2064
5550,5550,4371,3815,2136
5840,5840,3801,3874,2082
5510,5510,3832,3884,2180
5504,5504,3757,3787,2004
5520,5520,3911,3861,2054
5437,5437,3837,4065,2346
5431,5431,4331,3936,2269
5490,5490,3868,4058,2389
5631,5631,4574,3848,2116
5478,5478,3762,3851,2071
5475,5475,3635,3964,2200
5466,5466,3782,3816,2096
5506,5506,3734,3922,2190
5504,5504,3853,3787,2104
5559,5559,4235,3818,2163
5458,5458,4192,3813,2036
5458,5458,3879,3912,2110
5779,5779,4218,4145,2279
5518,5518,3759,3904,2129
5486,5486,3842,3809,2015
5582,5582,4189,3770,2142
5643,5643,3822,3816,2091
5497,5497,3946,3985,2239
5567,5567,3818,3697,2043
5452,5452,3802,3776,2151
5446,5446,3824,3779,2121
5460,5460,4154,3781,2044
5706,5706,3796,3939,2164
5461,5461,3721,3957,2189
5537,5537,3923,3756,2136
5937,5937,3533,4012,2284
5523,5523,3765,3746,2270
5455,5455,4025,4106,2322
5707,5707,3842,3908,2033
5451,5451,3768,3820,2081
5541,5541,3823,3799,2139
5501,5501,3794,3889,2036
5602,5602,3580,3970,2255
5458,5458,3838,3925,2243
5487,5487,3871,3703,2102
5509,5509,3783,3860,2100
5480,5480,3932,3858,2128
5486,5486,4237,3912,2130
5506,5506,4002,3804,2208
5444,5444,3500,4097,2352
5503,5503,3763,4156,2381
5543,5543,3817,3947,2132
5489,5489,3849,3781,2050
5457,5457,4197,3866,2105
5594,5594,3819,3923,2048
5473,5473,3771,3905,2148
5535,5535,4060,3833,2115
5453,5453,3805,3779,2058
5459,5459,3816,3756,2030
5460,5460,4272,3982,2250
5692,5692,3859,3697,2014
5487,5487,3879,3806,2089
5450,5450,3821,3833,2096
5550,5550,3823,3850,2054
5492,5492,3775,4184,2437
5556,5556,3726,4302,2517
5509,5509,3775,3802,2051
5475,5475,4162,3930,2091
5490,5490,3855,3759,2062
5496,5496,3836,3887,2154
5760,5760,3738,3831,2255
5431,5431,3796,3831,2079
5484,5484,3765,3773,2016
5523,5523,4165,3794,2078
5501,5501,3760,3876,2136
5483,5483,3829,3963,2213
5491,5491,3622,3905,2241
5519,5519,2927,5256,3495
5410,5410,3779,3821,2114
5519,5519,4010,3980,2228
5505,5505,3759,3843,2123
5505,5505,4446,3997,2230
5448,5448,3793,3799,2173
5464,5464,3830,3892,2108
5523,5523,3806,4149,2386
5522,5522,4263,3799,2061
5611,5611,3796,3885,2041
5479,5479,3770,3835,2105
5528,5528,3836,3797,2043
5487,5487,3835,3838,2069
5614,5614,3876,3775,2037
6081,6081,3867,3957,2171
5449,5449,3889,3686,2012
5543,5543,3834,3870,2079
5526,5526,3825,3705,2048
5546,5546,3810,3836,2109
5455,5455,3915,3868,2143
5450,5450,3676,3909,2386
5510,5510,3800,4221,2492
5599,5599,3775,3879,2153
5651,5651,3772,3856,2112
5459,5459,4319,3786,2016
5654,5654,3938,3863,2173
5583,5583,3819,3840,2224
5525,5525,3778,3838,2052
5529,5529,3824,3865,2113
5473,5473,3886,3854,2110
5573,5573,4285,3981,2245
5608,5608,3810,3717,2140
5424,5424,3748,3840,2089
5750,5750,3846,3758,2025
5476,5476,3819,3854,2133
5506,5506,3751,4252,2480
5488,5488,4186,3819,2218
5480,5480,3858,4104,2223
5629,5629,3858,3807,2119
5592,5592,3804,3881,2171
5486,5486,3566,4059,2330
5621,5621,4208,3843,1983
5576,5576,4213,3784,2117
5536,5536,3927,3860,2125
5732,5732,4289,3816,2166
5563,5563,3560,4236,2470
5542,5542,3873,4073,2307
5529,5529,3875,3682,2307
5434,5434,4029,3790,2164
5475,5475,3824,4154,2399
5441,5441,4054,4136,2399
5480,5480,3804,3981,2248
5460,5460,3723,3906,2253
5570,5570,3965,3690,2166
5496,5496,3797,3917,2117
5458,5458,3868,3807,2059
5433,5433,4239,3830,2180
5631,5631,3804,3915,1980
5527,5527,3744,3806,2049
5528,5528,3844,3781,2051
5478,5478,3783,3872,2145
5467,5467,3836,3816,2069
5463,5463,4327,3884,2275
5452,5452,3922,3652,2243
5452,5452,4198,3804,2042
5434,5434,3800,3763,2073
5523,5523,3888,3820,2073
5578,5578,3783,3944,2196
5495,5495,3854,4003,2254
5546,5546,3809,3818,2013
5547,5547,4164,3827,2106
5659,5659,3900,3804,2016
5443,5443,3981,3840,2196
5655,5655,3812,4176,2290
5450,5450,3650,3918,2202
5691,5691,3681,3968,2214
5523,5523,4442,3787,2123
5513,5513,3845,3809,2026
5479,5479,3987,3902,2255
5559,5559,3830,3695,2047
5439,5439,3840,3878,2101
5575,5575,3800,3825,1985
5518,5518,4126,3814,2055
5462,5462,3709,4166,2363
5522,5522,3679,4023,2314
5444,5444,3805,3857,2101
5408,5408,3767,3826,2076
5527,5527,3764,4201,2474
5556,5556,4305,3854,2134
5729,5729,3791,3928,2010
5472,5472,3883,3875,2105
5478,5478,3840,3797,2098
5529,5529,3769,3884,2088
5444,5444,3758,3843,2109
5518,5518,3923,3874,2122
5540,5540,3858,3701,2164
5549,5549,3806,3798,2060
5488,5488,3833,3788,2119
5522,5522,4251,3870,2086
5575,5575,3716,3884,2113
5511,5511,3774,4002,2248
5470,5470,3887,4178,2434
5571,5571,3809,3827,2135
5616,5616,3805,3918,2175
5630,5630,4262,3879,2095
5635,5635,3782,3915,2015
5537,5537,3893,3942,2183
5484,5484,3812,3775,2011
5477,5477,3870,3897,2143
5665,5665,3816,3785,2074
5421,5421,4234,3881,2251
5493,5493,3847,3826,2111
5623,5623,3777,3799,2069
5570,5570,3787,3817,2135
5507,5507,3736,3838,2085
5482,5482,3771,4184,2419
5573,5573,3758,4372,2594
5532,5532,4271,3773,2122
5477,5477,4213,3843,2072
5476,5476,3801,3818,2042
5637,5637,3546,4010,2284
5861,5861,3780,3789,2164
5517,5517,3842,3883,2135
5540,5540,3829,3819,2019
5522,5522,4198,3866,2114
5513,5513,3730,3845,2096
5460,5460,3949,3823,2197
5532,5532,3835,3762,2126
5460,5460,3819,3887,2132
5514,5514,3854,3808,2077
5494,5494,4532,3770,2106
5578,5578,3799,3770,2173
5458,5458,3571,4218,2471
5458,5458,3813,3824,2091
5455,5455,3757,3850,2086
5514,5514,3791,3783,2313
6018,6018,4272,3848,2118
5679,5679,3963,3651,2050
5477,5477,4031,3642,2146
5534,5534,3837,3815,2096
5534,5534,3839,3855,2102
5573,5573,3787,3784,2046
5681,5681,3876,3858,2122
5462,5462,3950,3773,2117
5549,5549,3820,3872,2094
5549,5549,3786,3755,2040
5480,5480,3733,3912,2150
5503,5503,3784,3772,2223
5740,5740,3771,3926,2212
5603,5603,3993,4140,2402
5565,5565,3793,3952,2190
5457,5457,3525,3974,2309
5569,5569,4442,3800,2156
5789,5789,3757,3917,2010
5439,5439,3784,3854,2106
5489,5489,3983,3774,2094
5530,5530,3929,3641,2107
5472,5472,3871,3787,1969
5582,5582,4391,3928,2155
7465,7465,4369,3848,764
5496,5496,3788,3853,2126
5513,5513,3655,3909,2162
5555,5555,3829,3884,2123
5628,5628,3795,4178,2463
5525,5525,4150,4006,2259
5511,5511,3952,3851,2090
5431,5431,3756,3806,2050
5501,5501,3819,3796,2072
5623,5623,3851,3875,2187
5738,5738,3808,3835,2058
5564,5564,3922,3835,2056
5582,5582,3766,3947,2169
5518,5518,4196,3803,2091
5467,5467,3719,3841,2078
5681,5681,3845,3952,2194
5559,5559,3883,3763,2109
5454,5454,3912,4073,2297
5444,5444,3812,3726,2320
5519,5519,4208,3756,2160
5534,5534,3818,3804,2206
5515,5515,3722,3988,2309
5512,5512,3790,3906,2155
5557,5557,3939,4092,2275
5582,5582,3731,3967,2234
5457,5457,4684,3854,2121
5648,5648,3802,3923,2050
5432,5432,3950,3713,2102
5605,5605,4323,3770,2077
5470,5470,3928,3793,2122
5592,5592,3521,4039,2166
5481,5481,4396,4097,2356
5560,5560,3862,4000,2328
5547,5547,4688,3878,2072
5423,5423,3841,3781,2031
5535,5535,3795,3806,2070
5544,5544,3800,3979,2214
5514,5514,3742,4132,2371
5506,5506,3839,3800,2047
6130,6013,6130,1913,3749
5566,5566,3796,3791,2079
5510,5510,4238,3825,2082
5582,5582,3833,4179,2304
5463,5463,4194,3908,2170
5460,5460,3914,3814,2082
5526,5526,4079,3993,2226
5534,5534,3659,3898,2164
5604,5604,3814,3934,2151
5464,5464,3829,3774,2126
5642,5642,3909,3749,2102
5444,5444,4119,3753,2003
5706,5706,4216,3774,2082
5484,5484,3794,3863,2104
5783,5783,3433,4253,2619
5476,5476,3907,3786,2107
5940,5940,3767,3851,2089
5465,5465,3768,4131,2413
5482,5482,4350,3915,2126
5644,5644,3840,3863,2057
5561,5561,3670,3974,2218
5429,5429,3824,3765,2050
5470,5470,3812,3728,2089
5498,5498,3846,3806,2048
5531,5531,3928,3921,2136
5510,5510,3911,3722,2179
5477,5477,4244,3942,2154
5495,5495,3830,3702,2085
5567,5567,4205,3858,2002
5473,5473,3682,4021,2223
5491,5491,3906,3881,2252
5476,5476,3802,3809,2342
5495,5495,3773,3801,2139
5420,5420,3802,3726,2026
5524,5524,4211,3873,2127
5630,5630,3811,3947,2065
5477,5477,3785,3792,2028
5512,5512,3920,3794,2059
5484,5484,3865,3798,2071
5513,5513,3841,3755,2134
5499,5499,4205,3890,2109
5520,5520,3887,3753,2181
5470,5470,3805,3791,2028
5443,5443,3783,3759,2016
5553,5553,3858,3885,2151
5755,5755,3812,4313,2398
5505,5505,3802,4329,2586
5521,5521,3783,3795,2065
5475,5475,4230,3852,2327
5724,5724,3766,4155,2438
5459,5459,3947,3728,2068
5630,5630,3823,3846,2234
5523,5523,3852,3889,2159
5527,5527,3788,3836,2063
5445,5445,4196,3881,2093
5443,5443,3823,3835,2094
5540,5540,3871,4034,2297
5472,5472,3817,3859,2328
5434,5434,3922,3860,2213
5465,5465,3560,4040,2232
5489,5489,4321,3777,2105
5649,5649,3797,3689,2157
5480,5480,3677,4165,2363
5605,5605,3912,3934,2153
5489,5489,3836,3758,2139
5455,5455,3789,4200,2492
5523,5523,4266,3821,2107
5567,5567,3783,3965,2076
5511,5511,3843,3901,2189
5442,5442,3782,3778,2080
5612,5612,3848,3877,2085
5418,5418,3772,3800,2045
5474,5474,3875,3952,2204
5513,5513,3878,3745,2037
5510,5510,3823,3907,2120
5529,5529,3786,3777,2021
5462,5462,3827,3814,2065
5600,5600,3871,3747,2157
5540,5540,3891,3748,2167
5433,5433,3929,4162,2452
5523,5523,2639,5001,3224
5489,5489,3769,3825,2108
5607,5607,4398,3837,2090
5619,5619,3968,3888,2016
5431,5431,3798,4029,2293
5552,5552,3819,3809,2191
5630,5630,4213,3830,2155
5465,5465,3819,3839,2079
5675,5675,4249,3909,2247
5453,5453,3851,3834,2154
5577,5577,3811,3783,2041
5607,5607,3691,3849,2110
5475,5475,3746,3816,2132
5466,5466,3931,3722,2376
5453,5453,4100,3845,2122
5479,5479,3702,3888,2061
5538,5538,3799,3813,2135
5506,5506,3758,3822,2076
5475,5475,4035,3780,2130
5668,5668,4205,3886,1982
5532,5532,3890,3949,2198
5594,5594,3622,3961,2179
5566,5566,4275,3846,2087
5471,5471,3913,3838,2128
5656,5656,3871,3924,2208
5903,5903,3831,3876,2176
5486,5486,3620,4174,2293
5650,5650,3599,4158,2331
5602,5602,4271,3797,2176
5504,5504,3809,3889,2135
5474,5474,3706,3946,2173
5442,5442,3688,4011,2290
5539,5539,3891,3815,2071
5512,5512,3756,3806,2077
5611,5611,4024,4004,2258
5558,5558,3819,3950,2043
5616,5616,3789,3928,2214
5610,5610,3615,4271,2420
5569,5569,3824,3782,2109
5583,5583,3796,3917,2174
5559,5559,4281,3892,2153
5549,5549,3969,3705,2331
5467,5467,4374,3713,2140
5555,5555,3900,3755,2031
5589,5589,3747,3809,2161
5446,5446,3785,3975,2237
5505,5505,3621,4245,2508
5506,5506,3813,3770,2051
5520,5520,4197,3742,2133
5437,5437,3842,3803,2081
5476,5476,3820,3801,2029
5668,5668,3839,4347,2486
5464,5464,3852,3902,2155
5702,5702,3806,3878,2041
5497,5497,4347,3837,2096
5561,5561,3832,3916,2132
5535,5535,3892,3917,2156
5652,5652,3905,3858,2204
5476,5476,3780,4448,2138
5738,5738,3861,3893,1976
5430,5430,4214,3715,2076
5465,5465,3800,3842,2109
5490,5490,3744,3994,2261
5504,5504,3737,3830,2078
5510,5510,3820,3914,2169
5535,5535,3833,4102,2374
5542,5542,4251,3795,2041
5609,5609,3854,3867,2001
5585,5585,3974,3852,2246
5570,5570,3768,3953,2193
5567,5567,3758,3744,2094
5646,5646,3770,3761,2033
5478,5478,3944,3982,2331
5464,5464,3926,3728,2146
5467,5467,3839,3780,2118
5599,5599,3753,3769,2028
5455,5455,4237,3898,2123
5593,5593,3802,3776,2214
5523,5523,3705,4043,2255
5474,5474,3835,4208,2464
5493,5493,3879,3751,2133
5720,5720,3788,3841,2135
5708,5708,4447,3792,2039
5647,5647,3757,3896,1999
5531,5531,3781,3836,2082
5512,5512,3765,3846,2135
5452,5452,3894,3868,2121
5460,5460,3864,3752,2122
5649,5649,4220,3930,2168
5471,5471,3861,3778,2150
5456,5456,3793,4060,2329
5443,5443,3927,3773,2030
5475,5475,3704,3837,2083
5463,5463,3720,4231,2486
5708,5708,3831,4297,2556
5495,5495,3798,3868,2076
5509,5509,4655,3798,2101
5519,5519,3877,3834,2102
5463,5463,3902,3765,2035
5706,5706,3831,3859,2221
5507,5507,3796,3881,2066
5503,5503,3829,3792,2059
5516,5516,4617,3797,2116
5422,5422,3586,4177,2464
5546,5546,3893,3925,2117
5687,5687,3851,3677,2034
5462,5462,4042,3941,2162
5456,5456,3689,4011,2267
5465,5465,4173,3819,2052
5468,5468,4181,3887,2142
5532,5532,3712,3989,2279
5544,5544,3805,3843,2110
5537,5537,3880,3845,2072
5509,5509,3841,4110,2388
5535,5535,4173,3889,2047
5705,5705,3905,3818,2035
5454,5454,3948,3793,2069
5503,5503,3909,3678,2056
5438,5438,3748,3787,2028
5516,5516,3777,3812,2077
5568,5568,3908,3895,2149
5434,5434,3811,3748,2093
5493,5493,3792,3786,2148
5468,5468,3782,3862,2106
5854,5854,3789,3862,2127
5841,5841,3823,3909,2129
5485,5485,3884,3930,2149
5467,5467,3855,4311,2562
5458,5458,3841,3801,2101
5438,5438,3821,3800,2052
5500,5500,4232,3841,2025
5658,5658,3809,3884,1994
5523,5523,3862,3952,2164
5604,5604,3751,3818,2061
5641,5641,3833,3832,2067
5491,5491,3909,3773,2131
5498,5498,4230,4017,2346
5473,5473,3976,3827,2318
5626,5561,5626,3743,2145
5728,5728,3800,3855,2128
5703,5703,3827,3825,2107
5632,5632,3773,4223,2476
5514,5514,4068,3926,2182
5558,5558,4645,3778,2037
5499,5499,3757,3804,2105
5507,5507,3794,3748,2097
5570,5570,4006,3828,2153
5667,5667,3783,3888,1958
5484,5484,3787,3879,2149
5566,5566,3994,3889,2116
5520,5520,4231,3788,2114
5517,5517,3817,3787,2023
5600,5600,3876,3868,2188
5560,5560,3902,4066,2406
5508,5508,3836,4186,2372
5625,5625,3831,3725,2294
5450,5450,4211,3796,2056
5551,5551,3803,4018,2264
5478,5478,3697,4475,2821
5479,5479,3860,3808,2035
5453,5453,3880,3927,2100
5564,5564,3819,3749,2034
5516,5516,4158,3932,2104
5662,5662,3817,3869,1953
5438,5438,3863,3735,2085
5529,5529,3527,3951,2195
5505,5505,3845,4229,2491
5489,5489,3768,3801,2028
5642,5642,4297,3941,2200
5492,5492,4271,4092,2382
5480,5480,4215,3813,2158
5482,5482,4134,3809,2056
5485,5485,3818,3888,2161
5542,5542,3789,3925,2195
5563,5563,3801,3893,2099
5549,5549,3771,3769,2022
5482,5482,4258,3748,2078
5473,5473,3796,3809,2039
5642,5642,3938,3849,2097
5637,5637,3757,4182,2284
5453,5453,4218,3841,2128
5528,5528,3823,3821,2002
5451,5451,4614,3765,2032
5480,5480,3791,3776,2055
5538,5538,3896,3840,2139
5633,5633,3880,3946,2235
5953,5953,4205,3888,2099
5493,5493,3798,3795,2043
5553,5553,4309,3811,2030
5476,5476,3792,3950,2157
5530,5530,3771,3960,2167
5668,5668,3809,3818,2067
5493,5493,3823,3841,2054
5677,5677,3844,4139,2414
5493,5493,4259,3809,2025
5576,5576,3556,4248,2361
5500,5500,3932,3936,2190
5595,5595,5449,2241,3299
5639,5639,3566,4073,2319
5486,5486,3672,3867,2099
5623,5623,3830,3862,2116
5512,5512,3858,3761,2074
5501,5501,3595,3996,2248
5495,5495,3866,3758,1993
5544,5544,4011,3987,2241
5515,5515,3785,3847,2096
5472,5472,3458,4054,2298
5457,5457,3872,4087,2324
5685,5685,3832,3790,2000
5492,5492,3659,3883,2168
5439,5439,4271,3833,2094
5610,5610,3807,3803,1919
5648,5648,3783,3786,2044
5563,5563,3770,3804,2045
5467,5467,3976,3697,2072
5435,5435,3785,3749,2091
5555,5555,4203,3857,2085
5398,5398,3829,3709,2071
5491,5491,3667,3864,2084
5583,5583,3776,3848,2085
5507,5507,3770,3824,2025
5455,5455,3804,4200,2413
5505,5505,3733,4356,2567
5431,5431,3748,3830,2174
5563,5563,4232,3957,2135
5466,5466,3889,3800,2104
5508,5508,3797,3792,2109
5658,5658,3760,4120,2205
5484,5484,3766,3860,2089
5601,5601,3791,3780,2141
5444,5444,4532,3814,2073
5433,5433,3783,3833,2073
5546,5546,4243,3889,2135
5459,5459,3902,3710,2052
5490,5490,3783,3800,2022
5595,5595,3826,3766,2025
5463,5463,3928,4039,2269
5482,5482,3811,3891,2097
5576,5576,3499,4030,2318
5469,5469,3770,3777,2033
5435,5435,3818,3871,2077
5501,5501,3742,4098,2352
5445,5445,4126,3849,2072
5651,5651,3821,3891,2011
5575,5575,3783,3906,2132
5539,5539,3836,3891,2089
5590,5590,3901,3844,2060
5501,5501,3813,3745,2010
5559,5559,3934,3995,2239
5519,5519,3869,3777,2122
5528,5528,3841,3885,2098
5562,5562,3791,3743,2012
5503,5503,3824,3819,2076
5580,5580,3784,3748,2195
6291,6291,3743,3852,2110
5563,5563,3800,3743,2324
5531,5531,3806,3827,2127
5500,5500,3844,3818,2058
5493,5493,4349,3899,2081
5544,5544,3766,3842,2012
5513,5513,3899,3808,2162
5599,5599,3936,3636,2111
5458,5458,3964,3714,2120
5486,5486,3541,4169,2362
5528,5528,4327,3882,2213
5470,5470,3840,3707,2183
5481,5481,3805,3971,2145
5551,5551,3778,3849,2099
5510,5510,3766,3783,2027
5478,5478,3760,3809,2457
5451,5451,4194,4028,2255
5443,5443,3956,3916,2153
5449,5449,3937,3846,2103
5496,5496,3786,3812,2029
5545,5545,3875,3839,2146
5826,5826,3862,3840,1974
5620,5620,3859,3824,2055
6917,6917,3988,3730,1977
5563,5563,3788,3856,2079
5446,5446,3827,3853,2125
5588,5588,3914,3879,2135
5478,5478,3966,3747,2100
5542,5542,4761,3813,2068
5635,5635,3915,4130,2484
5505,5505,4203,3917,2143
5546,5546,3800,3904,2177
5677,5677,3802,3841,2197
5869,5869,3828,3809,2083
5511,5511,3864,3792,2049
5495,5495,3802,3750,1980
5562,5562,3899,3891,2114
5626,5626,3789,3918,2054
5523,5523,4176,3842,2050
5468,5468,4231,3764,1982
5679,5679,3627,3861,2081
5521,5521,3581,3961,2245
5521,5521,3896,3912,2200
5601,5601,4310,4293,2662
5516,5516,4230,3847,2045
5533,5533,3809,3877,2165
5457,5457,3865,3739,2092
5629,5629,3789,4000,2239
5470,5470,4535,3900,2151
5735,5735,3836,3825,2111
5554,5554,4197,3808,2144
5470,5470,3761,3781,2062
5448,5448,3802,3825,2041
5630,5630,3773,4188,2346
5626,5626,3854,3833,2188
5463,5463,3857,3945,2230
5444,5444,4292,3788,2140
5472,5472,3740,3833,2116
5585,5585,3944,3930,2180
5494,5494,3835,3762,2119
5559,5559,3755,3915,2202
5602,5602,3779,3859,2148
5519,5519,4187,3815,2078
5491,5491,3807,3886,2146
5560,5560,3789,3925,2137
5515,5515,3860,3757,2007
5520,5520,3800,3798,2074
5574,5574,3915,3702,2277
5528,5528,4238,3875,2127
5642,5642,3913,3945,2049
5493,5493,3764,3800,2159
5510,5510,3898,4035,2284
5467,5467,3740,3863,2114
5577,5577,3802,3762,2036
5487,5487,3878,3879,2106
5514,5514,3805,3794,2136
5448,5448,3833,3874,2088
5557,5557,3808,3896,2148
5389,5389,4223,3791,2043
5514,5514,3772,3891,2129
5655,5655,3592,3973,2229
5485,5485,3875,4153,2432
5457,5457,3769,4735,2171
5590,5590,3798,3770,2115
5462,5462,4166,3877,2117
5629,5629,3843,3845,1971
5467,5467,3907,3828,2112
5589,5589,3835,3832,2108
5480,5480,3856,3769,2116
5459,5459,3815,3849,2106
5666,5666,4247,3908,2148
5715,5715,3812,3727,2009
5673,5673,3805,3796,2072
5522,5522,3813,3738,2075
5529,5529,3879,3797,2030
5486,5486,3824,4171,2450
5457,5457,3732,4363,2586
5491,5491,3858,3931,2241
5594,5594,4596,3888,2120
5567,5567,3866,3790,2195
5488,5488,3787,3821,2068
5806,5806,3550,4184,2241
5460,5460,3809,3864,2076
5441,5441,4405,3824,2176
5406,5406,4220,3820,2098
5415,5415,3818,4007,2247
5591,5591,3870,3919,2203
5591,5591,3806,3736,2162
5526,5526,3796,4196,2428
5521,5521,3940,3679,2096
5760,5760,4388,3808,2082
5798,5798,3851,3934,2189
5592,5592,3749,3927,2174
5431,5431,3758,3825,2082
5422,5422,3815,3779,2052
5640,5640,3915,3965,2419
5540,5540,4225,3859,2062
5633,5633,3777,3883,2003
5483,5483,3754,3886,2131
5537,5537,3808,3758,2060
5596,5596,3948,3805,2141
5623,5623,3839,3849,2157
5460,5460,3972,3929,2209
5499,5499,3769,3776,2107
5496,5496,3771,3909,2130
5452,5452,3809,3763,2025
5483,5483,3770,3757,2023
5468,5468,3744,3894,2149
5434,5434,3792,4017,2267
5514,5514,3784,4128,2407
5483,5483,3783,3797,2133
5492,5492,3941,3998,2277
5476,5476,4200,3896,2114
5712,5712,3870,3887,1968
5596,5596,3796,3902,2139
5497,5497,3786,3737,2126
5604,5604,3953,3894,2150
5668,5668,3773,4118,2380
5539,5539,4424,3932,2185
5501,5501,3886,3830,2131
5533,5533,3682,3981,2197
5567,5567,3836,3815,2158
5455,5455,3745,3927,2152
5444,5444,3781,4214,2483
5479,5479,4023,3914,2179
5482,5482,3881,3789,2138
5497,5497,3981,3823,2036
5582,5582,3776,3742,1982
5514,5514,3902,3804,2078
5628,5628,3807,3866,1976
5543,5543,3809,3950,2214
5418,5418,3816,3836,2098
5455,5455,4197,3803,2062
5518,5518,3778,3759,2040
5454,5454,3928,3953,2257
5504,5504,3906,3933,2298
5500,5500,3951,3797,2210
5531,5531,3809,4135,2428
5520,5520,4216,3829,2065
5496,5496,3800,3932,2132
5461,5461,3638,3910,2191
5536,5536,3762,3851,2114
5642,5642,3810,3885,2135
5534,5534,3858,3804,2088
5469,5469,4236,3820,2069
5576,5576,3777,3908,2043
5409,5409,3817,3797,2085
7154,7154,3865,3805,2087
5444,5444,3807,3822,2082
5496,5496,3615,3962,2257
5509,5509,4307,3941,2166
5452,5452,3848,4088,2416
5465,5465,4225,3849,2113
5535,5535,3743,3751,2103
5513,5513,3909,3788,2158
5458,5458,3782,3937,2188
5517,5517,3761,3911,2109
5579,5579,3855,3744,2017
5514,5514,4149,3791,2060
5721,5721,3543,4034,2324
5453,5453,3795,4004,2255
5655,5655,3824,4241,2358
5454,5454,3904,3864,2162
5683,5683,3783,3821,2144
5474,5474,4219,3885,2114
5472,5472,3540,4013,2293
5741,5741,3705,4091,2307
5460,5460,3921,3706,2192
5447,5447,3806,3857,2080
5478,5478,3853,3832,2083
5496,5496,4205,3783,2068
5465,5465,3803,3892,2121
5490,5490,3880,3833,2206
5469,5469,3756,3787,2069
5502,5502,3872,3807,2252
5508,5508,3806,4127,2371
5511,5511,4160,3838,2100
5738,5738,3745,3968,1994
5503,5503,3864,3902,2131
5497,5497,3798,3809,2065
5455,5455,3517,3992,2267
5491,5491,3815,3817,2039
5470,5470,3939,3844,2096
5510,5510,3902,3814,2171
5524,5524,3889,3840,2184
5553,5553,3821,3870,2116
5528,5528,4178,3815,2062
5454,5454,3783,3968,2195
6285,6285,3771,3851,2129
5599,5599,3839,4077,2392
5563,5563,3785,3781,2114
5500,5500,3823,3798,2031
5537,5537,4253,3900,2180
5661,5661,3828,3930,2001
5471,5471,3786,3928,2174
5497,5497,3968,3793,2049
5477,5477,3756,3787,2055
5569,5569,3902,3817,2074
5476,5476,4337,3961,2190
5460,5460,3838,3771,2127
5551,5551,3795,3765,2192
5503,5503,3749,3848,2070
5523,5523,4376,3450,2211
5456,5456,3816,4227,2498
5470,5470,3489,4337,2562
5442,5442,3846,3770,2049
5581,5581,4168,3844,2078
5497,5497,3849,3738,2025
5470,5470,3837,3750,2041
5756,5756,3758,4173,2283
5454,5454,3911,3903,2148
5519,5519,3756,3800,2050
5479,5479,4240,3772,2051
5481,5481,3835,3819,2060
5477,5477,3653,4152,2450
5503,5503,3874,3711,2051
5599,5599,3866,3852,2049
5509,5509,3907,3770,2169
5428,5428,4176,4081,2320
5483,5483,3845,3806,2085
5634,5634,3713,3926,2116
5577,5577,3886,3887,2143
5445,5445,3796,3822,2101
5539,5539,3710,4148,2371
5441,5441,4327,4160,2420
5598,5598,3808,3886,1957
5483,5483,3937,3812,2087
5542,5542,3756,3956,2250
5891,5891,3783,3834,2139
5503,5503,3882,3867,2140
5490,5490,3970,3928,2237
5488,5488,3901,3684,2064
5633,5633,3763,3862,2087
5506,5506,3811,3845,2056
5463,5463,3870,3897,2213
5606,5606,3859,3743,2188
5530,5530,3750,3945,2268
5756,5756,4048,4068,2366
5432,5432,3887,3836,2065
5606,5606,3705,3798,2032
5454,5454,4186,3806,2168
5565,5565,3773,3908,2038
5407,5407,3758,3947,2077
5550,5550,3765,4053,2287
5499,5499,3576,4075,2321
5477,5477,3565,3983,2280
5487,5487,4271,4234,2310
5607,5607,3882,3738,2000
5456,5456,3773,3838,2076
5555,5555,3912,3859,2056
5473,5473,3820,3894,2135
5525,5525,3827,4173,2430
5624,5624,4147,3804,2227
5533,5533,3772,3872,2128
5483,5483,3704,3877,2112
5500,5500,3796,3774,2027
5591,5591,4116,3877,2056
5753,5753,3782,3806,1931
5617,5617,3873,3836,2096
5484,5484,3822,3787,2071
5466,5466,4218,3786,2037
5496,5496,4126,3920,2175
5598,5598,3880,3963,2278
5486,5486,3870,3793,2142
5605,5605,4159,3848,2092
5659,5659,4070,4168,2451
5529,5529,4180,3810,2032
5508,5508,3796,3930,2197
5502,5502,3735,3905,2263
5456,5456,3632,4085,2429
5456,5456,3783,3853,2146
5484,5484,3902,3892,2124
5448,5448,4213,3980,2205
5834,5834,3856,3894,2003
5499,5499,3843,3774,2050
5532,5532,3755,3857,2122
5491,5491,3766,3808,2069
5528,5528,3812,3751,2104
5483,5483,4106,4075,2312
5641,5641,3834,4290,2636
5545,5545,4629,3881,2144
5550,5550,3771,3883,2141
5523,5523,3541,4364,2619
5456,5456,3840,3868,2144
5567,5567,3836,3911,2107
5493,5493,3822,3849,2129
5412,5412,4260,3770,2029
5529,5529,3775,3824,2097
5548,5548,3784,3854,2109
5638,5638,3760,3936,2208
5500,5500,3828,4026,2199
5463,5463,3938,3829,2103
5534,5534,4297,3717,2082
5459,5459,3817,3849,2109
5657,5657,3975,3922,2155
5579,5579,3885,4021,2363
5472,5472,3928,3827,2089
5593,5593,3768,3760,2006
5510,5510,4189,3791,2063
5698,5698,3897,3896,2128
5918,5918,3722,3957,2270
5478,5478,3844,3745,2127
5631,5631,3753,3881,2164
5462,5462,3819,3722,2262
5448,5448,4165,3812,2043
5589,5589,3827,3893,2011
6011,6011,3617,4188,2428
5485,5485,3787,3825,2064
5528,5528,3854,3836,2094
5627,5627,3828,3757,2054
5543,5543,4031,3843,2206
5503,5503,3862,3723,2148
5479,5479,3819,3935,2197
5504,5504,3786,3788,2038
5489,5489,4172,3866,2143
5472,5472,3767,3879,2136
5545,5545,3665,3903,2135
5451,5451,3808,3742,2336
5447,5447,3785,3863,2085
5461,5461,3803,4017,2248
5497,5497,4308,3828,2052
5768,5768,3768,3803,1944
5463,5463,3638,3993,2239
5397,5397,3790,3757,2042
5435,5435,3952,3788,2079
5451,5451,3760,3798,2029
5474,5474,4169,3993,2271
5473,5473,3887,3770,2076
5497,5497,3741,3828,2114
5549,5549,3827,4180,2386
5550,5550,3768,3795,2050
5474,5474,3822,3696,2313
5535,5535,3733,4308,2553
5442,5442,3876,3825,2040
5464,5464,4608,3847,2271
5508,5508,3809,3737,2106
5541,5541,3864,4022,2293
5646,5646,3864,4204,2254
5436,5436,3770,3850,2069
5679,5679,3573,3974,2268
5484,5484,4420,3820,2194
5435,5435,4398,3187,2681
5548,5548,3918,3934,2113
5479,5479,3849,3681,2198
5495,5495,3770,3821,2032
5513,5513,3841,3762,2122
5440,5440,4240,3879,2114
5473,5473,3808,3837,2108
5568,5568,3705,3949,2155
5558,5558,3802,3805,2065
5468,5468,3860,3849,2121
5518,5518,3787,4099,2372
5543,5543,4271,4007,2207
5765,5765,3800,3871,2069
5437,5437,3836,3776,2132
5503,5503,3784,3839,2058
5428,5428,3802,3833,2096
5467,5467,3804,3675,2113
5633,5633,3960,3967,2164
5514,5514,3864,3740,2022
5512,5512,3838,3862,2148
5500,5500,3682,3825,2113
5468,5468,3773,4178,2391
5746,5746,3878,3818,2047
5571,5571,3770,3900,2173
5475,5475,3807,4123,2344
5604,5604,3798,3818,2053
5497,5497,3852,4171,2386
5661,5661,4184,3899,2131
5976,5976,3851,3904,2044
5488,5488,3791,3964,2227
5480,5480,3849,3755,2112
5582,5582,3785,3985,2192
5476,5476,3742,3793,2076
5463,5463,4313,3919,2140
5489,5489,3932,3691,2150
5572,5572,3847,3777,2148
5546,5546,3778,3869,2145
5534,5534,3865,3811,2133
5476,5476,3838,4235,2486
5539,5539,4205,3888,2116
5444,5444,3778,3790,2017
5493,5493,3662,3879,2146
5506,5506,3811,3756,2037
5554,5554,3801,3757,2136
5584,5584,3859,3875,2005
5455,5455,3801,3812,2199
5579,5579,3794,3824,2072
5472,5472,4330,3847,2101
5497,5497,3770,3803,2063
5496,5496,3888,3977,2204
5545,5545,3863,3753,2111
5378,5378,3750,3820,2075
5604,5604,3927,4154,2413
5431,5431,4188,3833,2076
5474,5474,3792,3907,2145
5635,5635,3849,3812,2194
5507,5507,3845,3862,2116
5399,5399,3818,3874,2094
5452,5452,3842,3814,2093
5558,5558,4633,3848,2155
5631,5631,3837,3920,2016
5589,5589,4203,3747,2093
5529,5529,3800,3761,2063
5578,5578,3819,3804,2022
5475,5475,3815,3795,2058
5444,5444,4254,3916,2188
5501,5501,3885,4041,2377
5431,5431,4151,3847,2106
5536,5536,3807,3891,2109
5496,5496,3887,3858,2125
5469,5469,3773,3919,2147
5514,5514,3720,3901,2254
5463,5463,3518,3980,2271
5460,5460,4183,3849,2057
5902,5902,3822,3869,2110
5552,5552,3802,3774,2117
5663,5663,3813,3816,2239
5486,5486,4207,3844,2197
5478,5478,3849,3813,2068
5444,5444,4252,3943,2171
5584,5584,4178,4033,2287
5479,5479,3709,4165,2431
5475,5475,3581,3952,2276
5586,5586,3848,3803,2047
5515,5515,3774,3839,2135
5540,5540,4526,3819,2097
5484,5484,3924,3879,2168
5481,5481,3476,4178,2418
5455,5455,3764,3773,2171
5473,5473,3795,3739,2122
5466,5466,3823,4235,2544
5497,5497,4204,3801,2161
5604,5604,3850,3870,1958
5622,5622,3781,3856,2190
5493,5493,3813,3760,2155
5535,5535,3826,3810,2028
5460,5460,3746,3803,2048
5460,5460,4055,3948,2175
5486,5486,3825,3807,2148
5397,5397,3792,3864,2084
5528,5528,3828,4817,3074
5474,5474,4234,3777,2047
5497,5497,3779,3997,2238
5456,5456,3691,4011,2254
5437,5437,3771,4144,2390
5511,5511,3769,3772,2010
5484,5484,3748,3849,2135
5468,5468,4192,3835,2168
5659,5659,3848,3872,1966
5549,5549,3773,3884,2129
5504,5504,3771,3876,2140
5505,5505,3792,3866,2147
5472,5472,3794,3754,2007
5515,5515,4430,3991,2240
5594,5594,3904,3722,2192
5457,5457,3710,3775,2040
5557,5557,3749,3797,2150
5584,5584,3770,3869,2118
5501,5501,3848,4159,2461
5563,5563,3402,4476,2658
5725,5725,3814,3858,2114
5612,5612,4303,3845,2158
5533,5533,3846,3781,2167
5465,5465,3794,3717,2117
5642,5642,3956,4234,2307
5576,5576,3849,3981,2123
5467,5467,3784,3809,2065
5584,5584,4187,3774,2082
5639,5639,4227,3760,2016
5621,5621,3863,3965,2188
5505,5505,3918,3816,2047
5738,5738,4226,3755,2141
5658,5658,3828,3813,2081
5510,5510,4760,3918,2152
5472,5472,4205,3964,2102
5596,5596,3751,3891,2183
5454,5454,3822,3883,2140
5566,5566,3794,3796,2055
5451,5451,3861,3755,2310
5472,5472,4145,3840,2051
5617,5617,3781,3938,2050
5481,5481,3945,3864,2210
5440,5440,3880,3881,2128
5764,5764,3790,3748,2028
5527,5527,3837,3722,2027
5574,5574,3882,4020,2244
5648,5648,3824,3809,2166
5570,5570,3663,3965,2213
5732,5732,3825,3738,2014
5531,5531,3806,3815,2100
5561,5561,3986,3662,2179
5681,5681,3628,3969,2203
5475,5475,3974,4117,2370
5555,5555,3830,4099,2331
5483,5483,3780,3864,2084
5542,5542,4192,3790,2024
5641,5641,3835,3887,2030
5598,5598,3750,3794,2177
5513,5513,3912,3995,2397
5555,5555,3621,4156,2433
5439,5439,3902,3764,2117
5494,5494,4304,3945,2193
5570,5570,3920,3760,2208
5627,5627,4217,3921,2130
5499,5499,3839,3810,2032
5915,5915,3779,3858,2104
5500,5500,3891,4211,2463
5506,5506,4075,3919,2235
5494,5494,3749,3839,2089
5476,5476,3581,3977,2238
5554,5554,3811,3757,2068
5607,5607,3883,3823,2185
5775,5775,3714,3929,2051
5832,5832,3874,3777,2161
5475,5475,4136,3804,2078
5435,5435,4217,3808,2185
5571,5571,3971,3837,2078
5504,5504,4161,3717,2166
5531,5531,3648,4077,2426
5426,5426,3964,3820,2085
5587,5587,3507,4219,2484
5633,5633,4350,3951,2217
5649,5649,3805,4048,2316
5553,5553,3711,3990,2225
5616,5616,3809,3855,2132
5645,5645,4297,3822,2156
5505,5505,3866,3852,2063
5484,5484,4202,4041,2278
5829,5829,3872,3819,2046
5424,5424,3841,3827,2062
5490,5490,3745,3871,2090
5580,5580,3842,3796,2064
5460,5460,3588,3996,2270
5609,5609,4314,3867,2129
5493,5493,3930,4065,2512
5635,5635,4218,3814,2030
5482,5482,3864,3794,2094
5598,5598,3881,3761,1972
5565,5565,3764,3909,2172
5529,5529,3754,3938,2286
5463,5463,3849,3825,2109
5446,5446,4195,3768,2056
5533,5533,3828,3741,2048
5421,5421,3806,3796,1999
5640,5640,3834,4143,2269
5468,5468,3805,4030,2253
5530,5530,3865,3795,2040
5525,5525,4263,3872,2107
5472,5472,3797,4000,2248
5594,5594,3920,3968,2127
5498,5498,3981,3702,2010
5400,5400,3790,3765,2062
5595,5595,3777,3757,1991
5505,5505,4137,3781,2136
5681,5681,3773,3999,2282
5487,5487,3744,3891,2233
5472,5472,3840,3815,2101
5769,5769,3845,3788,2082
5436,5436,3774,3731,2303
5508,5508,4825,3831,2106
5779,5779,3814,3854,1935
5574,5574,3839,3800,2052
5506,5506,3956,3850,2098
5490,5490,3786,3876,2057
5730,5678,5730,3821,1953
5599,5599,3888,3911,2151
5622,5622,3859,3748,2073
5584,5584,3742,3827,2047
5536,5536,3908,3877,2099
5493,5493,4199,3834,2182
5606,5606,3869,3820,2254
5568,5568,3705,3828,2178
5504,5504,3740,4152,2411
5472,5472,3802,3824,2078
5483,5483,3839,3782,2062
5618,5618,4090,3904,2161
5632,5632,3825,3886,2101
5498,5498,3818,4154,2368
5467,5467,3833,3710,2002
5505,5505,3815,4368,2634
5655,5655,3809,3963,2332
5500,5500,4344,3879,2125
5480,5480,3895,3744,2081
5640,5640,3922,3799,2195
5795,5795,3789,4012,2286
5672,5672,3965,3823,2089
5482,5482,3774,4229,2520
5583,5583,3705,4372,2751
5544,5544,3860,3770,2061
5766,5766,4197,3814,2150
5624,5624,3612,4038,2317
5443,5443,3835,3929,2185
5734,5734,3845,4200,2278
5473,5473,3796,3849,2113
5482,5482,3754,3768,2106
5554,5554,4208,3836,2119
5621,5621,3823,3796,2165
5456,5456,3729,4034,2260
5546,5546,3798,3810,2126
5468,5468,3905,3826,2065
5515,5515,3839,3721,2090
5516,5516,4434,3928,2122
5510,5510,4337,3984,2267
5522,5522,3499,4157,2329
5586,5586,3842,3788,2072
5457,5457,3852,3775,2039
5496,5496,3855,3713,2280
5491,5491,4224,3845,2094
5640,5640,3841,3861,1967
5484,5484,3806,3896,2151
5686,5686,3851,3832,2089
5634,5634,3843,3716,1845
5442,5442,3753,3806,2064
5444,5444,3866,3880,2279
5502,5502,3889,3812,2161
5803,5803,3784,3887,2142
5511,5511,3818,3820,2042
5479,5479,3925,3815,2198
5608,5608,5161,2510,3188
5536,5536,3791,3877,2142
5530,5530,3559,4122,2358
5534,5534,3745,3841,2094
5490,5490,3781,3785,2063
5464,5464,4126,3883,2115
5625,5625,3779,3970,2091
5506,5506,4331,3877,2131
5555,5555,3774,3917,2164
5512,5512,4179,3913,2152
5457,5457,3834,3737,2089
5553,5553,4270,3857,2222
5503,5503,3833,3763,2163
5482,5482,3870,3691,2129
5664,5664,3770,3897,2262
5438,5438,3833,3923,2168
5836,5836,3731,4231,2490
5720,5720,4091,3852,2199
5487,5487,3857,3733,2006
5435,5435,3796,3775,2042
5540,5540,3897,3799,2196
5527,5527,3974,3821,2211
5608,5608,3773,3867,2009
5453,5453,3749,3823,2034
5429,5429,3833,3783,2113
5487,5487,4368,3834,2214
5577,5577,3770,3847,2127
5495,5495,3899,3907,2161
5492,5492,3809,3735,2065
5490,5490,3842,3833,2060
5548,5548,3886,3732,2328
5459,5459,4224,3842,2108
5746,5746,3890,3962,2031
5711,5711,3774,3920,2188
5539,5539,3803,3838,2108
5485,5485,3813,3893,2059
5455,5455,3762,3855,2102
5472,5472,3977,3991,2236
5739,5739,3750,3902,2010
5494,5494,3916,3657,2163
5538,5538,3847,3724,2095
5489,5489,4231,3830,2042
5476,5476,3905,3804,2104
5650,5650,4474,3924,2211
5542,5542,3918,4038,2396
5448,5448,4422,3867,2161
5703,5703,3793,3760,2044
5511,5511,4212,3763,2142
5613,5613,4120,3938,2160
5455,5455,3799,3893,2218
5480,5480,3812,3887,2158
5541,5541,4234,3851,2164
5508,5508,3812,3752,2330
5490,5490,3755,3970,2221
5647,5647,3806,4204,2321
5511,5511,4166,3847,2116
5509,5509,3793,3730,1997
5536,5536,3978,4037,2291
5503,5503,4228,3794,2134
5455,5455,3739,3991,2295
5572,5572,3821,3747,2102
5547,5547,4145,3859,2070
5554,5554,3571,4114,2360
5513,5513,4595,4105,2324
5536,5536,3775,3840,2099
5548,5548,3509,4308,2522
5513,5513,3550,4035,2299
5677,5677,3774,3863,2088
5515,5515,3782,3724,2307
5415,5415,4328,3833,2088
5592,5592,3753,3918,2013
5669,5669,3781,3854,2096
5490,5490,3816,3824,2035
5506,5506,3796,3859,2140
5461,5461,3799,3768,2003
5515,5515,3983,3903,2245
5548,5548,3869,3688,2166
5457,5457,3808,3890,2130
5575,5575,3776,3915,2133
5525,5525,4159,3842,2082
5470,5470,2576,5130,3379
5677,5677,3797,3869,2153
5480,5480,3898,4190,2433
5419,5419,3760,3891,2130
5542,5542,3832,3782,2051
5534,5534,4220,3784,2112
5644,5644,3813,3828,2070
5529,5529,3770,3835,2030
5484,5484,3813,3743,1980
5558,5558,3763,3787,2156
5458,5458,3794,3739,2109
5454,5454,4409,3866,2303
5514,5514,3923,3835,2130
5462,5462,3955,3791,2110
5542,5542,3803,3753,2104
5488,5488,3890,3903,2123
5439,5439,3730,4193,2445
5615,5615,3762,4383,2582
5457,5457,3858,3809,2150
5495,5495,4193,3876,2118
5689,5689,3811,3804,2063
5461,5461,3770,3910,2111
5624,5624,3687,4136,2270
5642,5642,3819,3767,2108
5450,5450,3818,3811,2173
5657,5657,4172,3844,2044
5467,5467,3849,3809,2059
5476,5476,3921,3898,2271
5457,5457,3950,3582,2124
5474,5474,4292,3766,2150
5763,5763,3911,3753,1979
5495,5495,4162,3818,2066
5463,5463,3914,3860,2137
5614,5614,4471,3906,2120
5531,5531,3839,3882,2098
5454,5454,3811,3887,2140
5510,5510,4145,3766,2293
5635,5635,4116,3824,2061
5683,5683,3928,3951,2044
5489,5489,3790,3819,2026
6001,6001,3846,3899,2124
5431,5431,3943,3736,2186
5857,5857,4144,3782,2138
5438,5438,4040,3861,2209
5490,5490,3876,3802,2120
5536,5536,3928,3874,2185
5556,5556,3947,3896,2171
5563,5563,3969,3831,2156
6014,6014,3799,3949,1951
5502,5502,3898,4069,2284
5573,5573,3952,3762,2236
5558,5558,4269,3847,2049
5509,5509,3769,3736,2122
5463,5463,3806,3738,2014
5652,5652,3828,3970,2075
5642,5642,3914,3834,2047
5509,5509,3808,3722,2066
5574,5574,4202,3919,2180
5450,5450,3888,3856,2105
5534,5534,3977,3889,2147
5442,5442,3869,3875,2207
5403,5403,3812,3776,2157
5598,5598,3815,3737,2138
5536,5536,4372,3928,2097
5504,5504,3863,4233,2452
5812,5812,3741,3862,2239
5596,5596,3756,3822,2100
5545,5545,3806,3798,2149
5527,5527,3759,3801,2162
5454,5454,3760,3835,2086
5595,5595,3795,3913,2030
5454,5454,3864,3785,2134
5619,5619,3800,3796,2310
5443,5443,4178,3804,2039
5432,5432,3812,3826,2084
5538,5538,3901,3857,2198
5497,5497,4295,3836,2128
5473,5473,3899,3878,2132
5501,5501,3813,4111,2400
5470,5470,3927,4017,2282
5589,5589,3790,3907,2139
5553,5553,3503,4132,2403
5455,5455,3763,3823,2160
5581,5581,3783,3762,2166
5493,5493,3769,3979,2251
5508,5508,4157,3849,2103
5698,5698,3559,4077,2217
5473,5473,3775,3793,2115
5615,5615,3517,4011,2283
5476,5476,3548,4145,2399
5473,5473,3594,3962,2250
5464,5464,4306,3904,2183
5522,5522,3609,4097,2425
5489,5489,4294,3803,2087
5590,5590,3866,3903,1986
5475,5475,3784,3823,2067
5594,5594,3783,3873,2150
5476,5476,3767,3920,2191
5497,5497,3758,3852,2082
5469,5469,4141,3797,2042
5443,5443,3820,3972,2233
5572,5572,3901,3762,2115
5654,5654,3740,4366,2495
5512,5512,3892,3793,2002
5548,5548,3800,3758,2181
5484,5484,4147,3846,2111
5469,5469,3812,3835,2083
5536,5536,3963,3970,2196
5457,5457,3905,3784,2129
5505,5505,3795,3851,2100
5520,5520,3788,3770,2113
5443,5443,4200,3845,2021
5496,5496,3769,3773,2167
5534,5534,3753,4035,2246
5456,5456,3785,3827,2108
5669,5669,3782,3862,2076
5475,5475,3981,4506,2762
5630,5630,4175,3824,2041
5627,5627,3767,3865,2016
5582,5582,3798,3875,2151
5465,5465,3822,3785,2019
5610,5610,3752,3828,2087
5482,5482,3778,3866,2106
5557,5557,3904,3921,2118
5508,5508,3826,3942,2222
5447,5447,3849,3831,2110
5497,5497,3802,3851,2130
5492,5492,4195,3897,2165
5536,5536,3969,4055,2308
5523,5523,3733,3964,2208
5645,5645,3969,3725,2314
5468,5468,4188,3835,2117
5489,5489,3754,3800,2067
5568,5568,4437,3809,2020
5658,5658,3808,3928,2043
5455,5455,3793,3782,2158
5510,5510,3782,3852,2129
5542,5542,3775,3821,2060
5531,5531,3869,3791,2066
5468,5468,3656,4627,2903
5454,5454,3791,3858,2197
5514,5514,3882,3849,2130
5506,5506,3839,3879,2121
5453,5453,3896,3787,2030
5496,5496,3837,4242,2531
5537,5537,3718,4430,2645
5765,5765,3825,4076,2312
5494,5494,4204,4075,2361
5532,5532,3783,3823,2116
5454,5454,4224,3829,2107
5726,5726,3838,3833,2234
5533,5533,3826,3862,2074
5587,5587,3772,3921,2148
5809,5809,4336,3857,2093
5484,5484,3795,3944,2202
5480,5480,3933,3909,2163
5571,5571,3963,3771,2122
5472,5472,3832,3769,2158
5533,5533,3824,3779,2019
5518,5518,4111,3859,2058
5457,5457,3859,3909,2190
5593,5593,3850,3922,2173
5476,5476,3813,3823,2064
5576,5576,3773,3818,2030
5481,5481,3796,4112,2364
5541,5541,4297,3807,2173
5753,5753,3848,3942,2031
5643,5643,3745,3842,2095
5578,5578,3828,3770,2135
5654,5654,3788,3795,2033
5631,5631,3767,3783,2034
5905,5905,3955,3853,2231
5642,5642,3911,3758,2077
5507,5507,3746,3964,2107
5530,5530,3738,3810,2065
5591,5591,3685,3915,2161
5598,5598,3725,3923,2154
5502,5502,3758,3976,2167
5629,5629,3804,4108,2380
5536,5536,3822,3774,2029
5452,5452,3803,3982,2228
5491,5491,4745,3800,2059
5631,5631,3857,3839,2205
5484,5484,3735,3992,2256
5446,5446,3800,3769,2057
5489,5489,4150,3858,2050
5495,5495,4408,3880,2149
5524,5524,4334,3938,2170
5575,5575,3875,3779,2107
5488,5488,3840,3789,2020
5566,5566,3815,3784,2151
5502,5502,3896,3859,2063
5496,5496,4232,4403,2652
5526,5526,4213,3818,2074
5510,5510,3820,3849,2080
5582,5582,3756,3805,2037
5654,5654,3798,3837,2135
5657,5657,3913,3901,2067
5792,5792,3906,3932,2053
5473,5473,3799,3826,2028
5508,5508,3829,3769,2053
5496,5496,4192,3804,2122
5624,5624,3780,3949,2173
5444,5444,4065,3851,2131
5560,5560,3846,3900,2215
5460,5460,3987,3701,2119
5583,5583,3806,4108,2307
5446,5446,4157,3885,2135
5435,5435,3827,3821,2109
5567,5567,3607,4077,2356
5485,5485,3940,3813,2057
5627,5627,3957,3847,2173
5599,5599,3802,3715,2105
5500,5500,4208,3964,2236
5725,5725,3720,3893,1976
5544,5544,3874,3799,2115
5466,5466,3887,3950,2045
5579,5579,3900,3864,2165
5516,5516,3773,3808,2047
5441,5441,4340,3860,2201
5497,5497,4269,4141,2469
5461,5461,4196,3874,2096
5496,5496,3785,3774,2022
5556,5556,3810,3812,2052
5480,5480,3888,3758,2132
5703,5703,3762,3875,2211
5483,5483,3794,3827,2174
5515,5515,4284,3812,2082
5511,5511,3817,3780,2039
5461,5461,3791,3780,2081
5612,5612,3973,4188,2321
5491,5491,3803,3851,2217
5484,5484,3803,3840,2141
5544,5544,4297,3776,2137
5487,5487,3793,3818,2116
5469,5469,3910,3905,2190
5536,5536,3595,4080,2343
5500,5500,4146,3797,2038
5451,5451,4210,3779,2080
5614,5614,4146,3863,2083
5490,5490,3711,3800,2155
5651,5651,3789,3886,2110
5456,5456,3821,3750,2009
5484,5484,3879,3861,2125
5506,5506,3805,3747,2253
5465,5465,4237,3859,2089
5533,5533,3768,3855,1998
5513,5513,3782,3738,2079
5471,5471,3791,3826,2050
5465,5465,3770,3791,2010
5479,5479,3865,3838,2077
5492,5492,3918,3884,2144
5547,5547,3827,3763,2105
5518,5518,3742,3786,2114
5603,5603,3747,3807,2131
5443,5443,4237,3754,2042
5486,5486,3803,3938,2212
5645,5645,3758,3905,2138
5495,5495,3821,4132,2384
5428,5428,3777,3796,2000
5478,5478,3816,3801,2109
5564,5564,4217,3823,2080
5627,5627,3809,3842,1965
5612,5612,3901,3814,2142
5515,5515,3747,3822,2099
5484,5484,3730,3822,2105
5441,5441,3816,3823,2080
5489,5489,4338,3820,2169
5474,5474,3836,3706,2189
5512,5512,3838,3779,2044
5499,5499,3718,3868,2112
5463,5463,3869,3923,2104
5511,5511,3752,4154,2415
5533,5533,3714,4289,2570
5625,5625,4220,3796,2139
5442,5442,4218,3877,2107
5469,5469,3797,3889,2169
5582,5582,3531,4026,2289
5711,5711,3759,4175,2299
5455,5455,3571,4072,2351
5447,5447,3829,3780,2082
5485,5485,4157,3872,2116
7327,7327,3823,3954,2251
5503,5503,3926,4041,2312
5491,5491,3557,3985,2335
5834,5834,3569,4025,2270
5479,5479,3791,3769,2057
5457,5457,4276,3800,2069
5655,5655,3877,4049,2276
5554,5554,4470,3888,2149
5466,5466,3772,3851,2103
5481,5481,3822,3832,2121
5536,5536,3777,4241,2492
5451,5451,4209,3800,1995
5590,5590,3818,3888,2046
5540,5540,3754,3859,2067
5525,5525,3746,3747,2040
5591,5463,3859,5591,3844
5901,5901,4166,3825,2109
5490,5490,4407,3915,2118
5626,5626,3915,3701,2028
5626,5626,3815,3858,2092
5586,5586,3790,3745,2005
5540,5540,3761,3903,2173
5597,5597,3774,3938,2216
5644,5644,4108,3942,2126
5465,5465,3870,4144,2398
5476,5476,3795,4066,2305
5484,5484,3542,4118,2410
5504,5504,3929,3882,2106
5570,5570,3804,3888,2019
5551,5551,4158,3912,2228
5495,5495,3743,3738,2085
5543,5543,3809,3939,2200
5449,5449,3747,3796,2062
5487,5487,3894,3966,2228
5528,5528,3828,3818,2140
5552,5552,4146,3923,2182
5491,5491,3783,3811,2088
5582,5582,3849,3857,2146
5667,5667,3762,4313,2570
5478,5478,3711,3878,2228
5701,5701,3841,3810,2143
5882,5882,4195,3776,2067
5881,5881,3838,3793,2030
5483,5483,3763,3833,2125
5692,5692,3735,4064,2166
5448,5448,3846,3869,2050
5506,5506,3765,3756,2044
5421,5421,3762,3847,2088
5473,5473,3827,3810,2078
5440,5440,3908,3938,2132
5615,5615,3988,3675,2161
5605,5605,3785,3881,2154
5497,5497,3816,4149,2413
5475,5475,4254,3886,2073
5559,5559,3607,4157,2336
5819,5819,3771,3840,2224
5472,5472,3792,3837,2080
5501,5501,3881,3777,2117
5503,5503,3818,3791,2037
5474,5474,4230,3799,2150
5730,5730,3790,3881,1946
5475,5475,3740,3822,2094
5527,5527,3751,3898,2128
5476,5476,3814,3822,2080
5489,5489,3771,3820,2085
5539,5539,4433,3943,2197
5502,5502,3942,4188,2475
5612,5612,4179,3909,2185
5472,5472,3795,3818,2100
5512,5512,4183,3818,2062
5487,5487,3718,3915,2169
5524,5524,3723,4081,2274
5532,5532,3810,3797,2109
5487,5487,4290,3835,2069
5471,5471,3753,3977,2263
5514,5514,3875,3836,2113
5605,5605,3588,4239,2378
5720,5720,3815,3887,2123
5441,5441,3747,3855,2093
5456,5456,4251,3859,2101
5440,5440,3814,3799,2088
5460,5460,3903,3862,2234
5473,5473,3895,3691,2037
5517,5517,3751,3976,2201
5585,5585,3880,3768,2037
5497,5497,4165,3835,2102
5518,5518,3754,3833,2171
5491,5491,3804,3891,2227
5478,5478,3802,3860,2081
5539,5539,3928,3870,2119
5622,5622,3819,4126,2407
5536,5536,4242,3816,2105
5542,5542,3790,3902,2048
5650,5650,3921,3966,2226
5433,5433,3771,3746,2050
5671,5671,3823,3811,2030
5471,5471,3807,3841,2114
5642,5642,3876,3876,2119
5593,5593,3872,3711,2188
5495,5495,3734,3808,2080
5536,5536,3838,3824,2118
5462,5462,4210,3830,2097
5453,5453,3946,3892,2183
5649,5649,3696,3907,2158
5455,5455,3743,4192,2435
5470,5470,3858,3769,2128
5561,5561,3784,3837,2096
5510,5510,4304,3823,2170
5623,5623,3825,3811,1936
5678,5678,3826,3828,2052
5469,5469,3767,3767,2055
5552,5552,3835,3776,2104
5634,5634,3870,3981,2216
5635,5635,4277,3876,2131
5467,5467,3857,3722,2029
5510,5510,3789,3804,2047
5498,5498,3778,3772,2018
5458,5458,3819,3863,2112
5505,5505,3782,4165,2411
5582,5582,3756,4265,2621
5452,5452,3796,3890,2180
5511,5511,4145,3936,2184
5587,5587,3833,3798,2063
5513,5513,4205,3828,2080
5607,5607,3768,4194,2347
5491,5491,3864,3822,2196
5620,5620,3669,3923,2170
5535,5535,4162,3760,2034
5450,5450,3809,3747,2123
5451,5451,3938,3895,2258
5538,5538,3547,4043,2358
5607,5607,3931,3811,2056
5494,5494,3858,3774,2081
5483,5483,4340,3749,2148
5732,5732,3824,3888,2131
5472,5472,3382,4226,2478
5462,5462,3810,3814,2115
5469,5469,3794,3783,2123
5480,5480,3797,4176,2402
5480,5480,4177,3821,2030
5681,5681,3970,3844,2076
5600,5600,3789,3845,2126
5486,5486,3784,3798,2074
5586,5586,3852,3932,2168
5497,5497,3761,3886,2103
5577,5577,3971,3919,2147
5479,5479,3835,3835,2164
5689,5689,3849,3711,2060
5445,5445,3924,3821,2066
5500,5500,3777,3781,2130
5585,5585,3769,3898,2176
5504,5504,3757,3845,2199
5580,5580,3766,4190,2400
5482,5482,3882,3896,2151
5736,5736,3809,3800,2077
5520,5520,4236,3840,2047
5645,5645,3835,3895,1991
5482,5482,3819,3857,2140
5499,5499,3767,3791,2014
5451,5451,3831,3724,2044
5504,5504,3797,3730,2011
5469,5469,4292,3953,2253
5534,5534,3849,3809,2175
5457,5457,3977,3598,2122
5487,5487,3739,3789,2064
5558,5558,4016,3753,2120
5421,5421,3843,4346,2598
5515,5515,4300,3973,2245
5503,5503,3805,3838,2079
5446,5446,3792,3895,2119
5678,5678,3827,3815,2051
5476,5476,3838,3717,2096
5591,5591,3794,3871,1977
5617,5617,3815,3852,2104
5438,5438,3757,3850,2151
5434,5434,4181,3790,2044
5451,5451,3851,3780,2070
5442,5442,4039,4048,2260
5513,5513,3887,3719,2025
5597,5597,3791,3815,2063
5530,5530,3827,4176,2436
5462,5462,4267,3873,2107
5470,5470,3781,3923,2111
5486,5486,3750,3891,2223
5475,5475,3834,3856,2137
5446,5446,3757,3852,2116
5509,5509,3902,3714,2016
5500,5500,4227,3892,2196
5654,5654,3806,4006,2199
5586,5586,3785,3893,2143
5465,5465,3830,3812,2181
5452,5452,3969,4028,2287
5482,5482,3859,3804,2120
5515,5515,4667,3888,2140
5433,5433,4969,2788,2769
5455,5455,4739,3849,2092
5488,5488,3827,3737,2116
5522,5522,3738,3874,2104
5516,5516,3851,4020,2270
5620,5620,4482,3879,2131
5487,5487,3821,3746,2132
5525,5525,4304,3797,2187
5434,5434,3544,4049,2338
5506,5506,3783,3884,2092
5645,5645,3812,4184,2250
5467,5467,3828,3860,2067
5511,5511,4198,3753,2098
5473,5473,4379,3935,2161
5434,5434,3870,3861,2171
5497,5497,4033,3797,2222
5498,5498,3967,3683,2082
5444,5444,3525,4107,2287
5474,5474,3803,3827,2101
5539,5539,4215,3841,2088
5461,5461,3780,3874,2137
5690,5690,3870,3854,2217
5609,5609,3837,3800,2025
5413,5413,3904,3743,2091
5461,5461,3793,3733,2311
5492,5492,4192,3861,2121
5625,5625,3793,3837,2002
5501,5501,4230,3769,2023
5490,5490,3886,3841,2185
5489,5489,3805,3765,2135
5615,5615,3739,3834,2081
5747,5747,3929,3944,2134
5500,5500,3705,4012,2252
5426,5426,4163,3874,2098
5510,5510,3818,3802,2091
5502,5502,4314,3841,2074
5474,5474,3818,4114,2205
5469,5469,3685,3898,2144
5487,5487,3927,3748,2368
5512,5512,3785,3848,2094
5661,5661,3799,3830,2065
5476,5476,4314,3885,2115
5639,5639,3825,3871,2031
5563,5563,3762,3839,2045
5484,5484,3840,3831,2075
5508,5508,3552,4033,2267
5485,5485,3573,4277,2549
5482,5482,4289,3868,2179
5638,5638,3813,3788,2222
5609,5609,3752,3961,2131
5482,5482,3770,3812,2084
5440,5440,3911,3848,2063
5465,5465,3854,4218,2472
5525,5525,3833,4353,2575
5502,5502,4106,3816,2078
5469,5469,4167,3867,2121
5591,5591,3769,3875,2104
5405,5405,3835,3797,2056
5665,5665,3878,4133,2240
5479,5479,3787,3771,2021
5575,5575,3814,3885,2156
5629,5629,4161,3808,2188
5522,5522,3822,3865,2081
5591,5591,3890,3896,2152
5411,5411,3843,3697,2042
5414,5414,3843,3917,2104
5459,5459,3817,3786,2034
5434,5434,4161,3805,2050
5475,5475,3514,4071,2331
5474,5474,3691,3958,2189
5463,5463,3900,3806,2141
5549,5549,3882,3783,2051
5634,5634,3773,4092,2344
5504,5504,4189,3839,2027
5652,5652,3895,3899,2053
5482,5482,3714,3949,2156
5525,5525,3725,3949,2117
5486,5486,3778,3844,2077
5708,5708,3783,3759,2006
5543,5543,3965,3944,2176
5520,5520,2307,5404,3751
5464,5464,4069,3957,2233
5456,5456,3832,3830,2109
5727,5727,3784,3818,2026
5601,5601,3609,4028,2284
5521,5521,3756,3868,2264
5882,5882,3777,4113,2405
5495,5495,3907,3836,2072
5532,5532,3843,3859,2101
5532,5532,4149,3859,2110
5693,5693,3827,3977,2101
5467,5467,3940,3775,2173
5455,5455,3778,3908,2133
5560,5560,4376,3854,2098
5499,5499,3786,3888,2167
5565,5565,4309,3887,2151
5472,5472,3875,3779,2113
5472,5472,3864,3849,2128
5586,5586,4174,3899,2097
5642,5642,3780,4036,2082
5467,5467,3764,4417,2487
5453,5453,4151,4056,2170
5591,5591,3837,3869,2202
5572,5572,3796,3906,2135
5503,5503,3860,3754,1983
5673,5673,3888,3984,2188
5686,5686,3791,3862,1986
5436,5436,3848,3836,2085
5483,5483,3749,3796,2372
5901,5901,3962,4112,2349
5670,5670,3494,4055,2342
5479,5479,3888,4038,2159
5489,5489,3783,3810,2148
5457,5457,3865,3753,2100
5634,5634,3823,4202,2415
5997,5997,4180,3907,2061
5586,5586,3722,3875,2138
5548,5548,4585,3913,2221
5482,5482,3834,3773,2062
5468,5468,3860,3758,2109
5480,5480,3789,3769,2151
5566,5566,4244,3833,2059
5667,5667,3817,3891,1990
5453,5453,3542,3964,2202
5650,5650,3774,3758,2154
5558,5558,3851,3874,2114
5515,5515,3636,3986,2262
5494,5494,4078,4039,2320
5630,5630,3609,4037,2387
5432,5432,3928,4017,2252
5551,5551,3881,3844,2113
5529,5529,3778,3811,2056
5592,5592,3766,3817,2203
5560,5560,3625,4037,2296
5499,5499,3802,3794,2138
5668,5668,4186,3841,2070
5486,5486,3877,3857,2133
5572,5572,3829,3807,2060
5804,5804,3840,5269,2168
5593,5593,3823,4047,2146
5832,5832,3934,3942,2198
5547,5547,4178,3768,2160
5431,5431,3833,3877,2123
5474,5474,4114,3961,2227
5448,5448,3859,3812,2170
5483,5483,3833,3763,2186
5715,5715,3762,3816,2051
5447,5447,4218,3845,2084
5705,5705,3810,3855,2125
5715,5715,3702,3934,2191
5454,5454,3951,3846,2121
5526,5526,3806,3896,2144
5618,5618,3796,4124,2355
5494,5494,4226,3873,2098
5599,5599,3613,4014,2148
5461,5461,3819,3928,2187
5582,5582,3796,3792,1982
5604,5604,3813,3850,2094
5535,5535,4062,4161,2423
5577,5577,3952,3900,2152
5585,5585,3846,3818,2147
5482,5482,3847,3767,2156
5457,5457,3757,3854,2098
5644,5644,4171,3756,2076
5648,5648,3767,3969,2208
5455,5455,3745,3893,2160
5786,5786,3778,3804,2291
5505,5505,3892,3992,2204
5480,5480,3823,3763,2124
5571,5571,4198,3981,2172
5609,5609,3832,3913,1991
5510,5510,3770,3848,2157
5532,5532,3769,3896,2141
5536,5536,3826,3871,2191
5488,5488,3819,3796,2065
5502,5502,4294,3861,2207
5500,5500,3883,3779,2119
5484,5484,3796,3905,2198
5562,5562,3911,3927,2134
5484,5484,3790,3997,2233
5521,5521,3768,3679,2349
5558,5558,3850,4385,2591
5549,5549,3826,3819,2079
5641,5641,4210,3783,2000
5698,5698,4511,3753,1993
5728,5728,4183,3806,1997
5745,5745,3790,4148,2236
5657,5657,3881,3986,2104
5501,5501,3740,3895,2063
5480,5480,4180,3896,2173
5425,5425,3849,4146,2180
5568,5568,3921,3890,2102
5419,5419,3866,3742,2128
5591,5591,3803,3835,2061
5646,5646,4225,3817,2068
5557,5557,4221,3859,1980
5446,5446,4175,3813,2089
5642,5642,4523,3909,2169
5665,5665,3770,3847,2190
5508,5508,3897,3752,2120
5520,5520,3900,4133,2396
5470,5470,4164,3891,2131
5646,5646,3771,3902,2005
5605,5605,3772,3863,1999
5512,5512,3826,3784,2033
5413,5413,3829,3814,2065
5491,5491,3825,4163,2432
5532,5532,3978,4031,2231
5523,5523,3837,3712,2180
5523,5523,3930,3908,2144
5571,5571,3815,3838,1982
5524,5524,3745,3823,2093
5532,5532,3774,3879,2123
5572,5572,3710,3875,2093
5483,5483,3743,4161,2450
5450,5450,3834,3823,2104
5499,5499,3768,3800,2027
5470,5470,4173,3855,2103
5576,5576,3782,3883,2145
5468,5468,3792,3807,2120
5461,5461,3868,3842,2090
5547,5547,3821,3880,2144
5558,5558,3858,3704,2090
7347,7347,4376,3956,2191
5511,5511,3954,3779,2173
5404,5404,3734,3816,2056
5512,5512,3825,3806,2029
5540,5540,3798,3856,2091
5588,5588,3806,4229,2477
5453,5453,4201,3983,2181
5515,5515,3786,3917,2195
5512,5512,3765,3717,2011
5548,5548,3829,3879,2152
5575,5575,3818,3906,2147
5753,5753,3768,3864,1950
5514,5514,3724,3925,2130
5483,5483,3765,3749,2152
5488,5488,4219,3779,2140
5559,5559,3819,3848,2092
5550,5550,3912,3872,2232
5559,5559,3943,3724,2172
5496,5496,3831,3825,2079
5511,5511,3811,4147,2397
5483,5483,4181,3746,1983
5495,5495,3775,3863,2148
5649,5649,3769,3942,2167
5485,5485,3856,3827,2056
5622,5622,4201,4008,2099
5563,5563,3847,3813,2094
5538,5538,4167,3897,2074
5724,5724,4225,3887,2009
5527,5527,3782,3798,2078
5379,5379,3785,4088,2135
5617,5617,3802,3916,2110
5431,5431,3797,3743,1981
5504,5504,4331,4043,2266
5510,5510,3862,4047,2384
5484,5484,4324,3881,2147
5471,5471,3784,3874,2069
5484,5484,3794,3894,2150
5528,5528,3757,3875,2154
5481,5481,3821,3877,2236
5593,5593,3799,4018,2231
5814,5814,4539,3968,2196
5604,5604,3796,3789,2031
5426,5426,3818,4007,2282
5623,5623,3772,4171,2296
5456,5456,4165,3854,2110
5465,5465,3831,3871,2173
5589,5589,4686,3811,2068
5529,5529,3835,3804,2085
5605,5605,3833,3952,2154
5492,5492,3937,3679,2135
5444,5444,3786,3776,2053
5578,5578,3777,3751,2140
5464,5464,4218,3897,2070
5485,5485,3770,3936,2162
5594,5594,4510,3888,2125
5550,5550,3756,4114,2232
5563,5563,3587,3962,2226
5422,5422,3785,4167,2429
5519,5519,4210,3940,2155
5589,5589,3637,3865,2002
5601,5601,3791,3823,2102
5426,5426,3834,3830,2127
5539,5539,3922,3846,2158
5444,5444,3732,3803,2056
5525,5525,4007,3957,2195
5622,5622,3804,3877,2216
5471,5471,3851,3784,2093
5763,5763,3935,3824,2070
5463,5463,4168,3904,2131
5531,5531,3749,3837,2082
5552,5552,3457,4101,2330
5586,5586,3843,4157,2421
5484,5484,3799,3753,2040
5502,5502,3726,3918,2175
5462,5462,4244,3761,2140
5617,5617,3849,3919,2021
5801,5801,3931,3826,1963
5538,5538,3511,3980,2233
5465,5465,3789,4023,2302
5573,5573,4175,3970,2207
5529,5529,4324,3856,2170
5467,5467,3879,3834,2211
5451,5451,3794,3813,2051
5516,5516,3783,3722,2116
5600,5600,3795,3887,2041
5426,5426,3737,4178,2459
5553,5553,3732,4252,2600
5639,5639,3808,3992,2113
5574,5574,4666,3790,2163
5633,5633,3797,3832,2085
5603,5603,3884,4063,2013
6089,6089,3755,4170,2283
5721,5721,3842,3791,2046
5476,5476,3847,3750,2135
5583,5583,3949,3995,2255
5487,5487,3645,3984,2213
5445,5445,3929,3885,2152
5664,5664,3829,3767,2120
5481,5481,3517,4033,2289
5506,5506,4139,3830,2098
5921,5921,4447,3636,2115
5473,5473,3895,3972,2214
5622,5622,3662,4335,2641
5483,5483,3754,3766,2107
6100,6100,3758,3801,1895
5474,5474,4068,4157,2406
5523,5523,4260,3897,2082
5667,5667,3835,3876,2017
5612,5612,3781,4006,2007
5754,5754,3790,3808,1900
5618,5618,3823,3867,2035
5489,5489,3770,4058,2324
5804,5804,3922,3930,2200
5499,5499,3880,3918,2250
5564,5564,3858,3962,2214
5670,5670,3796,3790,2018
5788,5788,3724,3808,2158
5593,5593,3948,3775,2193
5519,5519,3682,3973,2232
5468,5468,3818,4098,2375
5704,5704,3813,3835,2027
5924,5924,3771,3912,1955
5660,5660,4375,3824,1936
5645,5645,3810,3911,2046
5449,5449,3810,3827,2113
5581,5581,3771,3838,2124
5544,5544,3762,3884,2137
5637,5637,3845,3962,2175
5588,5588,4240,3960,2223
5747,5747,3811,3783,2120
5655,5655,3888,4163,2276
5473,5473,3866,3769,2036
5486,5486,3774,3981,2223
5645,5645,3708,4225,2483
5483,5483,4534,4210,2510
5692,5692,3738,3927,2140
5802,5802,3799,3821,2101
5725,5725,3901,3773,2055
5572,5572,3770,4088,2316
5668,5668,5090,3866,2005
5561,5561,3833,3850,2093
5520,5520,3810,3813,2161
5676,5676,4132,3915,2048
5500,5500,3453,4252,2534
5865,5865,3951,4063,2139
5817,5817,3870,3773,2062
5644,5644,3834,3875,2076
5564,5564,4204,4182,2425
5497,5497,4184,3779,2018
5581,5581,3793,4065,2355
5511,5511,3747,3857,2224
5571,5571,3858,3808,2036
5549,5549,3920,3830,2174
5453,5453,3852,3863,2098
7073,7073,4225,4042,736
5813,5813,3807,3923,1936
5527,5527,3706,3885,2168
5675,5675,3829,3959,2179
5531,5531,3778,3821,2039
5637,5637,3524,4019,2147
5567,5567,4324,3954,2171
5783,5783,3930,4083,2438
5428,5428,4301,3905,2132
5603,5603,3540,4125,2401
5528,5528,4299,3894,2131
5625,5625,3831,4052,2142
5445,5445,3558,4094,2320
5402,5402,3805,3817,2056
5500,5500,4223,3837,2112
5466,5466,3830,3846,2129
5695,5695,3819,3821,2058
5638,5638,3909,4303,2300
5499,5499,3930,4045,2310
5679,5679,3772,4004,2244
5470,5470,4379,3799,2142
5460,5460,3795,3855,2121
5471,5471,3932,4078,2293
5513,5513,4029,3809,2132
5692,5692,3668,3981,2192
5489,5489,3892,3812,2056
5536,5536,4249,4087,2293
5587,5587,3748,4005,2238
5648,5648,3738,3907,2161
5418,5418,3831,3750,2136
5652,5652,3821,3784,1867
5464,5464,3789,4149,2372
5642,5642,4182,3811,2052
5908,5908,3625,4015,2145
5495,5495,3792,3851,2081
5862,5862,3685,3835,2129
5685,5685,3799,3902,2110
5421,5421,3836,3874,2124
5594,5594,3796,3975,2214
5743,5743,5616,2353,3427
5694,5694,3905,3919,2116
5513,5513,3831,3910,2111
5482,5482,4201,3815,2059
5712,5712,3774,3938,2089
5827,5827,3857,3897,2279
5454,5454,3841,4122,2399
5494,5494,3796,3813,2065
5552,5552,3817,3820,2126
5433,5433,4146,3948,2225
5737,5737,3766,4034,2188
5733,5733,3771,3883,2093
5459,5459,3807,3721,1997
5453,5453,3875,3941,2131
5582,5582,3831,3789,2147
5474,5474,4301,3840,2230
5468,5468,3857,3815,2167
5496,5496,3793,3845,2119
5499,5499,3805,3823,2122
5673,5673,3816,3889,1984
5662,5662,3827,4201,2417
5680,5680,3826,4380,2563
5536,5536,3867,3803,2087
5476,5476,4188,3836,2078
5489,5489,3992,3752,2112
5449,5449,3841,3870,2083
5680,5680,3796,4297,2395
5517,5517,3815,3846,2103
5628,5628,3865,3783,1856
5474,5474,4399,3788,2073
5474,5474,3656,3900,2144
5752,5752,3984,3791,2218
5491,5491,3919,3702,2109
5469,5469,3830,3821,2057
5659,5659,3881,3851,1939
5622,5622,4173,3759,2088
5488,5488,4011,4080,2326
6452,6452,3862,3875,2100
5477,5477,3773,3845,2090
5475,5475,3764,3938,2250
5769,5769,3766,3726,2123
5625,5625,4004,3996,2267
5618,5618,3884,3846,2059
5716,5716,3697,3872,2118
5497,5497,3892,3655,2050
5504,5504,3811,3963,2100
5480,5480,3770,3784,2040
5513,5513,3987,3924,2167
5653,5653,3848,3713,2090
5490,5490,3733,3891,2118
5494,5494,3830,3897,2159
5616,5616,3767,3817,2089
5562,5562,3779,3867,2012
5536,5536,3818,3872,2118
5809,5809,3753,4175,2399
5503,5503,3533,4075,2302
5495,5495,4169,3904,2075
5492,5492,4167,3760,2134
5627,5627,3783,3968,2030
5483,5483,3797,4046,2221
5641,5641,3759,3771,2134
5522,5522,3741,4032,2264
5512,5512,3777,3954,2172
5450,5450,4289,3864,2090
5492,5492,3830,3798,2071
5519,5519,3819,4000,2214
5518,5518,3896,3638,2074
5631,5631,4103,3790,2192
5581,5581,3798,4278,2503
5654,5654,4094,3867,2145
5552,5552,3774,3990,2216
5662,5662,3784,3878,2123
5467,5467,3793,3738,2127
5555,5555,3901,3834,2179
5663,5663,3806,3926,2003
5509,5509,3942,3584,2061
5506,5506,3836,3906,2153
5552,5552,4166,3797,2043
5498,5498,3912,3713,2103
5467,5467,3938,3956,2259
5682,5682,4015,3834,2139
5529,5529,3896,3852,2059
5563,5563,3851,4129,2410
5598,5598,4172,3797,2058
5529,5529,3709,3938,2158
5635,5635,3945,3819,2187
5455,5455,3800,3851,2093
5499,5499,3850,3875,2147
5504,5504,3559,4048,2268
5474,5474,4293,3809,2144
5627,5627,3537,4062,2274
5487,5487,3766,3857,2134
5595,5595,3683,3848,2238
5433,5433,3815,3816,2067
5475,5475,3754,3849,2144
5498,5498,4247,3980,2269
5443,5443,3842,3964,2293
5605,5605,4159,3822,1871
5511,5511,3832,3821,2124
5607,5607,3919,3705,2189
6559,6559,3849,3989,1220
5500,5500,3717,3998,2257
5535,5535,3530,4030,2275
5532,5532,4490,3954,2229
5662,5662,4153,3834,2130
5585,5585,3847,3866,2097
5580,5580,3779,4220,2330
5445,5445,3800,3831,2100
5471,5471,3826,3790,2081
5629,5629,4503,3814,2065
5591,5591,3685,3928,2266
5562,5562,3875,3890,2155
5477,5477,3778,4009,2368
5510,5510,3959,3795,2123
5510,5510,3796,3928,2161
5423,5423,4166,3831,2054
5603,5603,3776,3929,2164
5565,5565,3746,3927,2135
5494,5494,3628,3921,2176
5588,5588,3830,4052,2242
5526,5526,3783,4192,2456
5647,5647,4189,3866,2069
5571,5571,3891,3866,2003
5760,5760,3564,4054,2302
5480,5480,3868,3748,2121
5510,5510,3536,4215,2468
5633,5633,3823,3913,2180
5496,5496,3901,3895,2136
5545,5545,3897,3719,2147
5727,5727,3844,3806,2127
5607,5607,3791,3771,2047
5447,5447,4280,3840,2115
5660,5660,3832,4039,2328
5445,5445,3473,4274,2505
5509,5509,3760,4210,2416
5744,5744,3926,3837,2067
5455,5455,3823,3868,2106
5492,5492,4198,3831,2104
5622,5622,3984,4101,2132
5499,5499,3751,3912,2176
5557,5557,3698,3868,2133
5517,5517,3922,3839,2090
5512,5512,3738,3769,2131
5448,5448,4323,3979,2175
5455,5455,3865,3713,2175
5631,5631,3942,3790,2139
5505,5505,3902,3720,2108
5529,5529,3746,3931,2135
5453,5453,3788,3727,2358
5484,5484,3896,4314,2546
5480,5480,3679,3863,2144
5715,5715,4131,3851,2093
5705,5705,3740,4036,2290
5522,5522,3910,3989,2263
5892,5892,3839,4162,2276
5733,5733,4415,4133,2390
5495,5495,3819,3770,2038
5450,5450,4242,3798,2056
5492,5492,3826,3764,2103
5626,5626,3902,3867,2135
5529,5529,3836,3790,2149
5567,5567,3751,3869,2194
5508,5508,3903,3887,2201
5586,5586,4202,3775,2018
5542,5542,3870,3855,2177
5756,5756,3925,4137,2218
5461,5461,3781,3875,2118
5500,5500,3757,3847,2085
5507,5507,3901,4045,2427
5517,5517,4266,3876,2121
5720,5720,3841,3902,2003
5846,5846,3935,3864,2109
5550,5550,3797,3795,2192
5498,5498,3793,3889,2141
5504,5504,3822,3842,2091
5585,5585,3907,3855,2102
5519,5519,3846,3976,2120
5524,5524,3783,3928,2188
5601,5601,3822,3864,2137
5649,5649,3785,3870,2090
5541,5541,3774,3732,2165
5723,5723,3843,3994,2175
5538,5538,4086,4148,2369
5597,5597,3831,3745,2119
5470,5470,3626,4159,2448
5499,5499,4180,3854,2081
5843,5843,3840,3883,1985
5500,5500,3802,3804,2056
5510,5510,3850,3886,2094
5647,5647,3826,3784,2138
5653,5653,3784,3896,2163
5454,5454,4535,3949,2245
5462,5462,3882,3757,2056
5448,5448,3987,3784,2191
5525,5525,3894,4019,2295
5634,5634,3982,4061,2287
5459,5459,3815,4335,2605
5663,5663,4205,3867,2087
5774,5774,3863,3814,2084
5518,5518,3868,3734,2066
5426,5426,3553,4163,2250
5558,5558,3849,3844,2054
5667,5667,3804,3927,2120
5473,5473,3536,4066,2261
5465,5465,3491,4084,2381
5451,5451,4218,3875,2098
5463,5463,3761,3853,2066
5733,5733,3906,4051,2287
5569,5569,3830,3719,2079
5491,5491,3700,3984,2195
5852,5852,4034,4138,2433
5484,5484,3945,3981,2194
5603,5603,3769,4025,2211
5683,5683,3863,4010,2237
5570,5570,3548,4189,2511
5563,5563,3681,3965,2206
5677,5677,4194,3911,2191
5680,5680,4645,3834,2082
5620,5620,3583,4208,2321
5547,5547,3753,3876,2130
5588,5588,3810,3825,2085
5479,5479,3553,4136,2423
5490,5490,4221,3759,2030
5495,5495,4705,3870,2166
5526,5526,3839,3691,2263
5738,5738,4168,3834,2094
5516,5516,3818,3784,2030
5655,5655,3782,3805,2175
5797,5797,3544,4042,2350
5578,5578,3831,3909,2146
5501,5501,3807,4014,2259
5641,5641,4097,3906,2136
5549,5549,3720,4074,2241
5508,5508,3910,3848,2081
5813,5813,3859,4263,2348
5691,5691,3806,4012,2186
5489,5489,3874,3980,2262
5642,5642,4266,3798,1907
5559,5559,3799,3798,2098
5518,5518,3933,3959,2182
5475,5475,3796,3880,2230
5622,5622,3771,3765,2148
5625,5625,3781,3765,2010
5547,5547,4128,3829,2085
5633,5633,3819,3988,2215
5681,5681,3771,3921,2124
5725,5725,3742,3772,2012
5485,5485,3774,3764,2037
5565,5565,3798,4127,2413
5515,5515,4177,3819,2073
5777,5777,3903,3850,2092
5481,5481,3821,3863,2121
5513,5513,3795,3767,2009
5431,5431,3627,3942,2216
5543,5543,3771,3864,2124
5658,5658,3904,3943,2183
5493,5493,3909,3782,2117
5674,5674,3796,3754,2035
5629,5629,3802,3719,1991
5491,5491,4197,3779,2036
5582,5582,3790,3850,2123
5516,5516,3704,4029,2221
5492,5492,3753,4179,2425
5493,5493,3804,3879,2138
5483,5483,3776,3723,2078
5528,5528,4264,3885,2170
5615,5615,3826,3865,2117
5532,5532,3799,3771,2119
5484,5484,3757,3844,2137
5450,5450,3727,3868,2208
5412,5412,4068,3811,2101
5791,5791,4418,3870,2225
5735,5735,3890,3789,2117
5517,5517,3988,3826,2086
5504,5504,3778,3823,2042
5588,5588,3754,3868,2138
5534,5534,3804,4179,2426
5637,5637,3851,4351,2582
5466,5466,3852,3864,2109
5580,5580,4181,3894,2132
5504,5504,3798,3869,2105
5563,5563,3775,3818,2074
5617,5617,3818,4218,2276
5512,5512,3837,3855,2099
5433,5433,3804,3863,2126
5457,5457,4260,3875,2107
5490,5490,4213,3828,2072
5481,5481,3960,3892,2166
5472,5472,3873,3879,2108
5446,5446,3806,3823,2121
5505,5505,3816,3782,2052
5466,5466,3913,4066,2316
5620,5620,3790,3822,2107
5451,5451,3610,4024,2312
5478,5478,3812,3753,2123
5405,5405,3685,3856,2081
5562,5562,3776,4137,2423
5526,5526,4142,3877,2151
5608,5608,3803,3972,2071
5532,5532,3739,3946,2182
5474,5474,3735,3818,2031
5476,5476,3843,3816,2082
5548,5548,3764,3800,2073
5508,5508,3913,3960,2182
5527,5527,3681,3880,2189
5599,5599,3827,3863,2062
5499,5499,3739,3782,2054
5598,5598,3750,3928,2176
5568,5568,3751,3849,2236
5576,5576,3596,3917,2134
5459,5459,3848,4228,2522
5545,5545,3807,3834,2079
5563,5563,3755,3808,2056
5506,5506,4291,3821,2152
5595,5595,3755,3892,2002
5471,5471,3779,3859,2125
5521,5521,3726,3872,2190
5615,5615,4164,3874,2167
5429,5429,3885,3728,2001
5550,5550,4268,3901,2173
5485,5485,3895,3764,2109
5525,5525,3782,3858,2069
5463,5463,3802,3770,2038
5589,5589,3758,3850,2123
5499,5499,3534,4238,2492
5486,5486,4182,3887,2215
5479,5479,3744,3774,2014
5476,5476,3720,3825,2076
5462,5462,3793,3764,2131
5532,5532,3911,3907,2095
5619,5619,3760,3943,2050
5586,5586,3814,3804,2132
5435,5435,3774,3860,2158
5510,5510,4173,3862,2078
5438,5438,3820,3796,2044
5484,5484,3891,3870,2141
5488,5488,3837,3752,2176
5453,5453,3826,3869,2133
5621,5621,3751,4136,2372
5443,5443,4192,3904,2193
5539,5539,3811,3779,2236
5507,5507,3667,3861,2172
5480,5480,3729,3916,2150
5441,5441,3624,4027,2275
5515,5515,3894,3886,2187
5464,5464,4146,3904,2097
5592,5592,3800,3954,2015
5457,5457,3823,3764,2117
5708,5708,3744,3808,2086
5486,5486,3767,3879,2111
5556,5556,4219,3933,2239
5489,5489,4357,3906,2201
5534,5534,4276,3749,2268
5425,5425,4165,3874,2132
5547,5547,3747,3915,2160
5553,5553,3760,3803,2037
5774,5774,3752,3904,2010
5563,5563,3765,3905,2105
5451,5451,4781,3841,2092
5533,5533,4207,3849,2118
6004,6004,3864,4146,2394
5483,5483,3913,3900,2138
5690,5690,3776,4168,2305
5827,5827,4661,3895,2148
5429,5429,3587,4007,2261
5513,5513,4764,3787,2157
5536,5536,3784,4023,2288
5598,5598,3960,3918,2164
5473,5473,3863,3745,2058
5488,5488,3794,3860,2112
5541,5541,3576,3989,2257
5480,5480,4249,3875,2116
5744,5744,3770,3858,2097
5490,5490,3774,3941,2182
5481,5481,3770,3755,2010
5582,5582,3789,3746,1988
5488,5488,3769,4137,2408
5621,5621,3942,4017,2280
7580,7580,3968,3999,933
5566,5566,3717,4132,2405
5513,5513,3795,3812,2089
5663,5663,3766,3860,2149
5427,5427,3823,3799,2046
5505,5505,3771,4074,2389
5514,5514,3963,3713,2059
5925,5925,3790,3754,2010
5531,5531,3795,3851,2076
5671,5671,3584,4113,2319
5541,5541,3807,3874,2101
5585,5585,3719,4045,2259
5549,5549,3772,4131,2344
5494,5494,3911,3902,2158
5612,5612,3848,3862,2090
6016,6016,4193,3817,2069
5625,5625,3839,3866,1973
5544,5544,3830,3901,2155
5496,5496,3769,3782,2039
5490,5490,3833,3770,2154
5508,5508,3997,3808,2048
5534,5534,4299,4006,2233
5500,5500,3866,3822,2116
5462,5462,3794,3849,2099
5572,5572,3793,3755,2029
5663,5663,3769,3829,2045
5472,5472,3747,4348,2398
5515,5515,3730,4385,2610
5484,5484,4254,4011,2037
5454,5454,4297,3842,2082
5613,5613,3754,3790,2016
5460,5460,3770,3863,2090
5615,5615,3757,4165,2270
5493,5493,4368,4231,2469
5468,5468,3799,3774,2016
5579,5579,4203,3773,2052
5453,5453,3774,3771,2164
5525,5525,3989,3902,2170
5498,5498,3921,3940,2280
5550,5550,5046,2824,2945
5608,5608,3846,3732,2139
5505,5505,4545,3875,2125
5506,5506,3522,4067,2341
5693,5693,3838,3989,2283
5593,5593,3804,3902,2181
5532,5532,3813,4008,2149
5514,5514,3992,4177,2348
5533,5533,4172,3861,2123
5612,5612,3788,3944,2060
5763,5763,3838,4008,2264
5569,5569,3763,4132,2320
5484,5484,3967,3927,2099
5738,5738,3777,3797,2114
5699,5699,3911,3965,2144
5603,5603,3841,3756,2129
5627,5627,3852,4049,2222
5798,5798,3730,3852,2074
5651,5651,3891,3760,2056
5468,5468,3842,3814,2124
5691,5691,3791,4108,2264
5458,5458,3734,4180,2443
5535,5535,3970,3868,2132
5538,5538,3910,3639,2152
5642,5642,4446,3789,1903
5986,5986,3834,4006,2069
5556,5556,3850,3845,2082
5539,5539,3862,3785,2136
5596,5596,3915,3903,2088
5486,5486,3834,3799,2038
5577,5577,4274,3927,2184
5545,5545,3837,3751,2133
5516,5516,3628,4191,2460
5552,5552,3837,3909,2151
5635,5635,3807,3920,2139
5854,5854,3901,3784,2380
5828,5828,4185,3868,2214
5510,5510,3811,3864,2079
5723,5723,3832,3929,2155
5494,5494,3777,3898,2135
5457,5457,3797,3926,2167
5591,5591,3689,4100,2262
5516,5516,4205,4251,2126
5473,5473,3778,3842,2080
5552,5552,4184,3910,2018
5454,5454,3773,3844,2082
5741,5741,4047,3913,2095
5475,5475,3844,3793,2132
5488,5488,3846,3845,2206
5642,5642,3856,4190,2416
5439,5439,4160,3860,2056
5491,5491,3556,4104,2367
5457,5457,3675,3890,2247
5563,5563,3745,3903,2166
5550,5550,3854,3830,2105
5455,5455,3902,3803,2030
5453,5453,4130,3900,2147
5602,5602,3855,3901,2034
5505,5505,3790,3839,2068
5597,5597,3795,3805,2026
5649,5649,3774,3875,2087
5509,5509,3742,3806,2034
5664,5664,4432,3928,2176
5529,5529,3970,4084,2399
5498,5498,4236,3907,2161
5600,5600,3622,3984,2243
5760,5760,3809,4041,2136
5489,5489,3836,3936,2184
5603,5603,3757,3976,2181
5515,5515,3780,3984,2227
5525,5525,4317,3787,2147
5496,5496,3800,3779,2057
5575,5575,3798,3870,1952
5606,5606,3778,4171,2277
5453,5453,3832,3827,2116
5487,5487,3770,3843,2086
5490,5490,4186,3892,2144
5599,5599,3808,3887,2135
5542,5542,4039,4004,2207
5614,5614,3878,3629,2121
5518,5518,2711,4927,3179
5486,5486,3773,3788,2008
5502,5502,4147,3818,2051
5498,5498,3785,3925,2162
5622,5622,3700,3939,2207
5506,5506,3806,3859,2128
5644,5644,3875,3776,2135
5476,5476,3777,3739,2280
5460,5460,4160,3823,2058
5726,5726,3815,3860,1979
5656,5656,3860,4035,2031
5440,5440,3912,3738,2104
5507,5507,3767,3854,2032
5497,5497,3842,3778,2052
5442,5442,3907,3920,2179
5479,5479,3875,3784,2074
5468,5468,3787,3851,2049
5525,5525,3815,3743,2124
5549,5549,4247,3908,2144
5522,5522,3883,3694,2143
5618,5618,3848,3894,2207
5493,5493,3823,4116,2367
5462,5462,3866,3835,2088
5423,5423,3785,3799,2096
5479,5479,4188,3947,2071
5767,5767,3761,3876,2099
5467,5467,3854,3799,2034
5504,5504,3770,3719,2008
5629,5629,3832,3816,2096
5441,5441,3844,3820,2101
5444,5444,4490,3712,2192
5492,5492,3911,3718,2123
5479,5479,3874,3898,2150
5767,5767,3765,3810,2093
5504,5504,3801,3887,2131
5643,5643,3831,4109,2405
5498,5498,3680,4319,2574
5463,5463,3779,3826,2113
5554,5554,4736,3824,2207
5513,5513,3754,3860,2100
5567,5567,3782,3811,2053
5625,5625,3752,4173,2303
5579,5579,3828,3763,1924
5472,5472,3815,3818,2053
5636,5636,4203,3803,2058
5689,5689,3562,4012,2250
5493,5493,3691,4100,2292
5630,5630,3823,3801,2106
5503,5503,3973,3660,2109
5546,5546,3758,4795,2132
5416,5416,4329,3810,2187
5595,5595,3751,3780,2191
5496,5496,3705,3990,2224
5468,5468,3882,3824,2072
5582,5582,3874,3797,2155
5426,5426,3818,4181,2414
5491,5491,4247,3914,2082
5609,5609,3845,3780,2091
5562,5562,3723,3839,2070
5586,5586,3899,3811,2138
5487,5487,3822,3892,2150
5821,5821,4140,3758,2005
5501,5501,4297,3914,2186
5595,5595,3863,3790,2005
5470,5470,3837,4163,2398
5513,5513,3786,3969,2256
5481,5481,3822,3968,2026
5536,5536,3780,3980,2151
5512,5512,4136,3935,2376
5683,5683,3849,4140,2364
5436,5436,3778,3818,2105
5628,5628,3809,3773,2008
5495,5495,3755,3916,2202
5575,5575,3803,3920,2046
5501,5501,4168,3916,2121
5460,5460,3779,3796,2063
5606,5606,3948,3749,2082
5499,5499,4141,3756,2101
5483,5483,3950,3865,2141
5445,5445,3823,3784,2101
5468,5468,4762,3875,2132
5513,5513,3784,3820,2060
5449,5449,3825,3815,2043
5477,5477,3827,4174,2451
5486,5486,3817,3772,2197
5484,5484,3842,3852,2134
6026,6026,4189,3827,2037
5621,5621,3875,3696,1969
5482,5482,3801,3824,2214
5721,5721,3837,3913,1980
5500,5500,3849,3876,2129
5448,5448,3746,3932,2099
5622,5622,3791,3837,2092
5507,5507,3823,3760,2043
5465,5465,3793,3923,2209
5496,5496,3823,3793,2051
5482,5482,3817,3771,2128
5533,5533,3802,4163,2421
5610,5610,4106,3850,2127
5578,5578,3815,3885,2163
5496,5496,3681,4040,2286
5453,5453,3662,4033,2333
5672,5672,4158,3943,2174
5489,5489,3792,3807,2042
5645,5645,4219,3852,2069
5771,5771,3860,3921,2025
5398,5398,4260,3847,2090
5482,5482,3785,3781,2071
5584,5584,3830,3815,2059
5651,5651,3830,3751,1999
5525,5525,4321,3921,2191
5750,5750,3898,3687,2298
5513,5513,4470,3812,2045
5668,5668,3859,3778,2046
5451,5451,3787,3840,2123
5566,5566,3815,3912,2150
5478,5478,3877,3942,2229
5439,5439,3822,3824,2082
5698,5698,4203,3851,2148
5568,5568,3826,3760,2086
5505,5505,3823,3813,2137
5808,5808,3560,4173,2298
5455,5455,3578,4025,2297
5508,5508,3555,4004,2238
5521,5521,4320,3824,2040
5585,5585,3778,3914,2184
5461,5461,4324,3950,2236
5508,5508,3853,3713,2183
5560,5560,3815,3801,2130
5535,5535,3581,4001,2289
5533,5533,4271,3841,2104
5594,5594,3762,3906,2159
5708,5708,3723,3934,2151
5475,5475,3795,4047,2279
5479,5479,3844,3911,2190
5474,5474,3767,4192,2435
5630,5630,4118,3979,2218
5839,5839,3892,4002,2055
5556,5556,3903,3791,2027
5434,5434,3514,4171,2469
5515,5515,3853,3776,2167
5494,5494,3756,3822,2083
5474,5474,3900,3920,2139
5466,5466,3992,4070,2444
5765,5765,3897,3889,2159
5670,5670,3808,3823,2066
5628,5628,4126,3866,2147
5511,5511,3540,4114,2329
5525,5525,3507,4213,2495
5602,5602,3749,4118,2396
5509,5509,3593,4090,2339
5584,5584,3892,3757,2037
5502,5502,4192,3788,2124
5650,5650,3875,3876,1987
5469,5469,3872,3852,2113
5419,5419,3828,3750,2015
5471,5471,3774,3864,2134
5431,5431,4343,3829,2120
5503,5503,4330,3806,2142
5807,5807,3927,3720,2200
5489,5489,3784,3876,2126
5542,5542,3898,3756,2153
5653,5653,3812,3808,2088
5752,5752,3748,4165,2399
5561,5561,3724,4297,2501
5481,5481,3825,3816,2105
5555,5555,4345,3836,2084
5608,5608,3797,3817,2074
5552,5552,4345,3910,2124
5585,5585,3857,4160,2280
5731,5731,3807,3869,2056
5537,5537,3787,3975,2189
5570,5570,4190,4100,2339
5454,5454,3658,3995,2253
5731,5731,3638,4002,2300
5705,5705,3839,3723,2062
5663,5663,3792,3797,2045
5559,5559,3551,4000,2278
5566,5566,4225,3887,2119
5555,5555,3887,3937,2171
5510,5510,4039,4006,2237
5537,5537,3717,3839,2061
5459,5459,3775,3782,2071
5643,5643,3783,4136,2399
5725,5725,4198,3812,2128
5818,5818,4005,3796,2054
5543,5543,3782,3928,2131
5511,5511,3912,3857,2105
5536,5536,3775,3794,2180
5440,5440,3765,3880,2162
5524,5524,4174,3911,2136
5460,5460,3864,3714,2067
5561,5561,3809,3801,2057
5574,5574,3802,3808,2138
5596,5596,3862,3782,2012
5534,5534,3770,3898,2123
5568,5568,3651,3910,2148
5536,5536,3890,4709,2412
5535,5535,3903,3794,2076
5555,5555,3958,3694,2137
5608,5608,4167,3809,2077
5928,5928,3872,3863,1920
5564,5564,3893,3903,2137
5642,5642,3954,3796,2049
5482,5482,4215,3870,2074
5776,5776,3807,3716,2065
5502,5502,4307,3879,2250
5489,5489,3850,3770,2082
5481,5481,4197,3796,2015
5670,5670,3950,3893,2174
5631,5631,3821,3796,2131
5444,5444,3783,4264,2509
5493,5493,3926,4027,2322
5718,5718,3839,3766,2065
5539,5539,3783,3856,2082
5503,5503,3789,3807,2045
5519,5519,3687,4043,2172
5568,5568,3839,3919,2003
5469,5469,3839,3903,2134
5689,5689,4176,3824,2041
5424,5424,4524,3796,2020
5610,5610,3788,3807,2062
5541,5541,3896,4005,2221
5561,5561,3822,3724,2048
5506,5506,3568,4009,2262
5592,5592,3789,4130,2362
5551,5551,4195,3854,2089
5563,5563,3838,3884,2126
5579,5579,4481,3953,2122
5480,5480,3953,3791,2073
5457,5457,3514,4036,2269
5643,5643,3785,3851,2111
5478,5478,4540,3840,2108
5590,5590,3914,3919,1995
5571,5571,4175,3823,2056
5541,5541,3786,3795,2027
5576,5576,3816,3844,2054
5589,5589,3839,3785,2057
5618,5618,4255,3871,2130
5497,5497,3996,4060,2358
5811,5811,4621,3875,2119
5672,5672,3875,3984,2233
5586,5586,3916,3914,2157
5669,5669,3625,4197,2435
5773,5773,4471,3920,2188
5631,5631,3830,3894,2178
5640,5640,4328,3990,2229
5636,5636,3715,3974,2241
5592,5592,3820,3764,2034
5732,5732,3792,4170,2285
5559,5559,3955,3901,2076
5722,5722,3790,3877,2103
5612,5612,4181,3889,2126
5556,5556,3860,3834,2079
5569,5569,3914,3986,2173
5537,5537,3673,3937,2270
5543,5543,3806,3737,2115
5740,5740,3770,3792,2031
5538,5538,4175,3828,2112
5531,5531,3852,3745,2164
5461,5461,3694,3978,2228
5476,5476,3946,3796,2072
5680,5680,3766,3884,2127
5512,5512,3814,4144,2404
5490,5490,4219,3796,2130
5646,5646,3816,3870,1982
5584,5584,3819,3829,2059
5490,5490,3786,3838,2087
5469,5469,3849,3777,2111
5587,5587,3778,3795,2028
5555,5555,3956,3886,2248
5516,5516,3838,3831,2141
5552,5552,3827,3908,2104
5642,5642,3800,3792,2011
5537,5537,4145,4157,2377
5519,5519,3764,3857,2084
5594,5594,3746,3883,2146
5778,5778,3823,4189,2453
5540,5540,3752,3826,2048
5464,5464,3770,4140,2409
5544,5544,4242,3794,2057
5567,5567,3809,3947,2048
5574,5574,3792,3866,2135
5466,5466,3738,3874,2102
5537,5537,3924,3823,2006
5598,5598,3792,3880,2144
5563,5563,4436,3868,2222
5672,5672,3902,3864,2166
5503,5503,3782,3884,2127
5621,5621,4040,3809,2028
5511,5511,3790,3777,2025
5431,5431,3703,4199,2449
5514,5514,3789,4370,2575
5468,5468,3890,3911,2160
5536,5536,4320,3882,2103
5464,5464,3937,3661,2186
5464,5464,3835,3851,2113
6776,6776,3802,4158,1163
5495,5495,3904,3789,2047
5652,5652,3786,3796,2067
5545,5545,4166,3811,2095
5457,5457,3835,3823,2080
5603,5603,4017,3917,2176
5477,5477,4259,3905,2235
5487,5487,3828,3848,2021
5630,5630,3849,3795,2050
5566,5566,4219,3766,2018
5517,5517,4175,3943,2199
5643,5643,3707,3901,2169
5610,5610,3788,3874,2167
5457,5457,3893,3774,2104
5526,5526,3799,4139,2413
5464,5464,4171,3778,2037
5751,5751,3968,3841,2061
5457,5457,3768,4153,2378
5688,5688,3773,3875,2123
5645,5645,3768,3938,2209
5642,5642,3541,4164,2404
5608,5608,3963,3932,2163
5631,5631,3966,3797,2109
5624,5624,3857,3930,2115
5541,5541,3837,3902,2161
5459,5459,3863,3965,2188
5656,5656,3797,3953,2204
5476,5476,3924,3939,2230
5484,5484,3803,4142,2442
5539,5539,3835,3764,2084
5516,5516,3796,3768,2107
5472,5472,4227,3826,2124
5630,5630,3803,3874,2071
5457,5457,3877,3928,2188
5461,5461,3797,4008,2261
5606,5606,3836,3977,2149
5696,5696,3839,3848,2123
5412,5412,4279,3982,2252
5631,5631,3947,3860,2188
5608,5557,5608,2159,3566
5493,5493,3842,3759,2065
5677,5677,3817,3739,2114
5458,5458,3771,4320,2536
5741,5741,4166,3860,1967
5520,5520,3838,3776,2026
5485,5485,3756,3880,2076
5569,5569,3780,3745,2127
5431,5431,3760,3789,2015
5626,5626,3795,3885,2087
5481,5481,3946,3857,2098
5561,5561,3830,3784,2000
5483,5483,4276,3782,2043
5480,5480,3524,4087,2319
5882,5882,3938,3886,2158
5452,5452,3834,3794,2111
5563,5563,3830,3852,2086
5538,5538,3783,4163,2360
5502,5502,4199,3819,2008
5525,5525,3744,3790,2212
5616,5616,3717,3945,2173
5695,5695,3929,3890,2133
5489,5489,3861,3821,2151
5554,5554,3725,3854,2077
5437,5437,4252,3931,2205
5734,5734,3847,3891,1981
5411,5411,3835,3853,2074
5559,5559,3802,3847,2082
5768,5768,3763,3882,2087
5510,5510,4062,3689,2131
5646,5646,4295,3966,2170
5449,5449,3988,3693,2353
5685,5685,4192,3793,2045
5601,5601,3850,3818,2059
5525,5525,3919,3816,2058
5538,5538,3787,3946,2180
5650,5650,3760,3897,2204
5500,5500,3731,3895,2130
5676,5676,4214,3852,2060
5602,5602,3802,3735,2003
5500,5500,3651,4139,2382
5794,5794,3810,4192,2286
5476,5476,3965,3927,2187
5719,5719,3719,3867,2100
5447,5447,4132,3891,2115
5463,5463,3878,3762,2110
5535,5535,3897,3882,2109
5530,5530,3881,3713,2157
5538,5538,3801,3883,2178
5587,5587,3814,3838,2109
5479,5479,4218,3816,2009
5589,5589,3751,4233,2458
5735,5735,4586,3953,2228
5567,5567,3814,3811,2083
5510,5510,3484,4157,2398
5982,5982,4045,3654,2278
5467,5467,4056,4187,2356
5619,5619,3795,3790,2056
5563,5563,3770,3770,2133
5522,5522,3739,3759,2084
5530,5530,3741,3820,2150
5624,5624,3627,3990,2247
5638,5638,4061,4046,2251
5733,5733,3825,3786,2245
5467,5467,3873,3801,2104
5595,5595,3655,3957,2087
5474,5474,4218,3780,2062
5502,5502,3808,3911,2173
5472,5472,3739,4017,2259
5464,5464,3790,3740,2304
5571,5571,3813,3906,2130
5557,5557,3757,3774,2061
5520,5520,4140,3834,2059
5774,5774,3844,3949,2015
5483,5483,3736,3840,2079
5508,5508,3827,3843,2068
5544,5544,3873,3780,2082
5771,5771,3931,3837,2104
5556,5556,4465,3881,2183
5662,5662,3743,3924,2284
5562,5562,2841,4798,3085
5491,5491,3760,3743,2005
5543,5543,3861,3929,2147
5514,5514,3738,4176,2398
5459,5459,3602,4331,2602
5464,5464,3586,4180,2504
5474,5474,4161,3834,2101
5443,5443,3739,3750,2007
5521,5521,3872,3752,2069
5786,5786,3754,3834,2236
5563,5563,3829,3817,2041
5625,5625,3788,3811,2152
5544,5544,4162,3949,2172
5546,5546,3568,3963,2203
5495,5495,3645,4151,2393
5598,5598,3876,3681,1983
5535,5535,3796,3786,2041
5536,5536,3789,3908,2192
5478,5478,4262,3762,1995
5533,5533,3770,3876,2082
5553,5553,3397,4175,2397
5554,5554,3907,3791,2165
5511,5511,3821,3912,2127
5462,5462,3808,4163,2424
5415,5415,4179,3793,2044
5800,5800,3898,3832,1962
5592,5592,3800,3890,2154
5571,5571,3722,3815,2073
5470,5470,3782,3761,2002
5397,5397,3951,3765,2031
5477,5477,3901,3864,2220
5487,5487,3815,3824,2173
5529,5529,3964,3802,2043
5621,5621,3849,3739,2013
5710,5710,3737,3834,2098
5480,5480,3787,3849,2151
5579,5579,3821,3840,2126
5668,5668,3790,4139,2407
5458,5458,3835,3797,2073
5608,5608,3860,3763,2054
5626,5626,4227,4073,2287
5794,5794,3909,3877,1927
5570,5570,3826,3776,2092
5423,5423,3753,3811,2074
5525,5525,3893,3844,2091
5522,5522,3750,3872,2121
5538,5538,4472,3905,2180
5523,5523,3913,3817,2188
5463,5463,4148,3914,2184
5554,5554,3757,3908,2180
5452,5452,3794,3859,2104
5446,5446,3871,4186,2482
5566,5566,4193,3897,2113
5428,5428,3854,3821,2106
5542,5542,3625,3921,2188
5570,5570,3788,3862,2140
5590,5590,4159,3881,2109
5838,5838,3763,3894,2109
5538,5538,3821,3991,2149
5465,5465,3840,3778,2161
5583,5583,4312,3881,2134
5560,5560,3694,3859,2078
5482,5482,3990,3910,2160
5463,5463,3809,3773,2116
5456,5456,3809,3865,2132
5500,5500,3935,3609,2277
5493,5493,4216,4049,2263
5460,5460,3812,3872,2128
5663,5663,3731,3970,2186
5478,5478,3808,3760,2107
5555,5555,3772,3860,2074
5491,5491,4199,3908,2148
5595,5595,4200,3896,2152
5829,5829,3559,4050,2003
5510,5510,3820,3835,2087
5458,5458,3843,3817,2125
5522,5522,3978,3847,2038
5576,5576,3831,3705,2068
5630,5630,4273,3956,2153
5502,5502,3994,3667,2306
5514,5514,4115,3816,2067
5498,5498,3612,4026,2262
5524,5524,3570,4044,2303
5609,5609,3800,3948,2197
5721,5721,3868,3935,2210
5464,5464,3870,3763,2036
5454,5454,4178,3856,2082
5636,5636,3779,3751,2030
5602,5602,3590,4298,2509
5591,5591,3801,3868,2231
5478,5478,3879,3799,2164
5479,5479,3819,3806,2100
5494,5494,4237,3756,2026
5446,5446,3879,3888,2175
5599,5599,4086,3947,2160
5457,5457,3811,3723,2068
5467,5467,3861,3842,2095
5467,5467,3850,3752,2016
5511,5511,4251,3899,2210
5668,5668,3755,3842,2100
5656,5656,3698,3942,2188
5500,5500,3743,3835,2070
5420,5420,3848,3866,2120
5670,5670,3834,3691,2314
5508,5508,4139,3791,2005
5614,5614,3819,3888,1970
5692,5692,3796,3994,2268
5658,5658,3776,3787,2109
5531,5531,3742,3882,2089
5473,5473,3823,3750,2009
5498,5498,3935,3888,2143
5468,5468,3723,3913,2229
5650,5650,3791,3778,2124
5739,5739,3755,3792,2067
5560,5560,4217,3823,2093
5460,5460,3939,3885,2160
5488,5488,3690,3847,2276
5726,5726,3881,4170,2271
5496,5496,3791,3825,2095
5441,5441,3806,3875,2118
5486,5486,4254,3954,2208
5625,5625,3869,3890,2076
5500,5500,3819,3831,2055
5432,5432,3781,3762,2044
5537,5537,3861,3822,2107
5502,5502,3811,3818,2113
5453,5453,4311,3855,2112
5488,5488,4071,3565,2104
5537,5537,3814,3818,2075
5582,5582,3814,3793,2076
5488,5488,3961,3765,2139
5643,5643,3842,4160,2401
5467,5467,3842,4347,2574
5506,5506,4508,3794,2057
5456,5456,4219,3949,2170
5441,5441,4190,3858,2106
5465,5465,3800,3798,2036
5803,5803,3804,4194,2393
5524,5524,3865,3818,2169
5563,5563,2457,5309,3496
5467,5467,4555,3926,2147
5460,5460,3809,3823,2077
5485,5485,4015,3854,2214
7505,7505,3820,3818,2121
5493,5493,3769,3836,2039
5552,5552,3891,3799,2120
5511,5511,4244,3833,2157
5475,5475,4199,3934,2202
5754,5754,3721,3891,2135
5650,5650,3882,3792,2123
5639,5639,3779,3771,1893
5579,5579,3801,4219,2474
5574,5574,4347,3824,2108
5685,5685,3802,3886,2007
5756,5756,3838,3839,2063
5498,5498,3807,3892,2160
5469,5469,3745,4069,2327
6027,6027,4561,3850,2139
5844,5522,4353,5844,4165
5524,5524,3900,3875,2182
5679,5679,3879,3774,2104
5507,5507,3808,3908,2130
5521,5521,3785,3822,2173
5463,5463,3769,3842,2104
5493,5493,4292,3921,2193
5471,5471,3800,4090,2361
5522,5522,3760,3833,2074
5522,5522,3763,3869,2158
5597,5597,3883,3875,2104
5661,5661,4152,3926,2161
5618,5618,4248,3846,2063
5581,5581,3902,3816,1963
5647,5647,3839,3801,2172
5488,5488,3749,3843,2060
5575,5575,3836,3914,2166
5510,5510,3845,3786,2108
5473,5473,5043,3629,2147
5573,5573,3957,3785,2104
5537,5537,3822,3767,2130
5607,5607,4221,4245,2529
5512,5512,3699,3950,2223
5517,5517,3795,3878,2100
5904,5904,4208,3817,2034
5487,5487,3921,3757,2030
5495,5495,3936,3779,2154
5660,5660,3854,3936,2042
5473,5473,3773,3785,2158
5568,5568,3942,3862,2078
5484,5484,3781,3823,2079
5707,5707,3796,3810,2069
5467,5467,3957,4084,2351
5574,5574,3856,3796,2109
5591,5591,3751,3928,2159
5601,5601,3894,4090,2320
5569,5569,4182,3793,2079
5461,5461,3764,3892,2142
5514,5514,3699,3851,2183
5500,5500,3804,4253,2122
5457,5457,3875,3966,2161
5478,5478,4280,3850,2099
5483,5483,4180,3746,2020
5617,5617,3726,3917,2030
5482,5482,3770,3865,2113
5713,5713,3781,3849,2077
5498,5498,3846,4134,2416
5457,5457,3808,3777,2041
5551,5551,4340,3941,2265
5493,5493,3670,4226,2556
5518,5518,4309,4069,2245
5494,5494,3832,3808,2084
5451,5451,3902,4044,2254
5491,5491,3790,3928,2148
5533,5533,3777,4046,2258
5652,5652,3818,3782,2027
5477,5477,4189,3779,2135
5612,5612,3903,3771,2157
5452,5452,4168,3848,2092
5565,5565,3680,4165,2282
5455,5455,3784,3959,2201
5538,5538,3829,3925,2175
5563,5563,4264,3836,2210
5451,5451,3564,4122,2392
5472,5472,4267,4055,2289
5533,5533,3822,3731,2059
5492,5492,3837,3816,2094
5531,5531,3791,3809,2077
5419,5419,4281,3877,2129
5527,5527,3834,3863,2122
5570,5570,4516,3870,2114
5521,5521,3745,3815,2196
5466,5466,3917,4002,2215
5800,5800,3569,4135,2401
5510,5510,4155,3849,2077
5762,5762,3762,3956,2065
5540,5540,4006,3943,2147
5419,5419,4261,3738,2043
5486,5486,3784,3902,2149
5464,5464,3908,3872,2138
5528,5528,4273,3867,2069
5454,5454,4042,3773,2123
5457,5457,3723,3862,2244
5579,5579,3790,3824,2087
5512,5512,4309,3803,2153
5526,5526,4197,3920,2182
5805,5805,3711,3908,2120
5581,5581,3844,4247,2540
5513,5513,3998,3841,2102
5443,5443,3967,3847,2089
5859,5859,4213,3919,2188
5770,5770,3817,4083,2164
5478,5478,3774,3819,2069
5485,5485,3734,3857,2114
5545,5545,3890,3878,2143
5433,5433,3849,3939,2204
5469,5469,4323,3870,2190
5614,5614,3797,3789,2149
5602,5602,3784,3807,1904
5473,5473,3831,3754,2032
5502,5502,3673,3925,2176
5426,5426,3727,4266,2497
5505,5505,3775,4303,2547
5481,5481,3759,3726,2018
5471,5471,4347,3771,2043
5506,5506,3894,3831,2066
5484,5484,3736,3849,2131
5635,5635,3615,4088,2225
5498,5498,3780,3776,2071
5559,5559,3780,3825,2093
5479,5479,4591,3832,2007
5441,5441,3771,3772,2065
5438,5438,3945,3948,2224
5536,5536,3849,3795,2125
5600,5600,3814,3913,2120
5635,5635,3638,3954,2178
5584,5584,4156,3844,2010
5482,5482,3609,4084,2350
5563,5563,3805,4008,2269
5554,5554,3857,3877,2109
5459,5459,3817,3816,2052
5536,5536,3911,4121,2408
5514,5514,4170,3796,2138
7968,7968,3874,4032,2127
5527,5527,3899,3880,2252
5739,5739,3770,3925,2203
5592,5592,3853,3848,2129
5500,5500,3752,3895,2168
5536,5536,3880,3880,2097
5614,5614,3897,3747,2079
5648,5648,3771,3790,2040
5533,5533,3921,3912,2043
5484,5484,3857,3900,2172
5480,5480,3721,4113,2345
5574,5574,4009,3780,2169
5593,5593,3742,4116,2402
5532,5532,3758,3796,2037
5691,5691,3881,3781,2138
5563,5563,4303,3808,2034
5808,5808,3784,3909,1887
5717,5717,3745,3821,1924
5536,5536,3773,3770,1978
5516,5516,3852,3753,2082
5517,5517,3769,3838,2066
5588,5588,4185,3923,2150
5744,5744,3901,3722,2136
5498,5498,3828,3875,2183
5622,5622,3822,3818,2068
5426,5426,3978,3781,2114
5459,5459,3801,4319,2525
5640,5640,4205,3906,2205
5506,5506,3934,4156,2475
5667,5667,3821,3823,2058
5514,5514,3766,3811,2027
5476,5476,3832,3875,2082
6033,6033,3777,4016,2060
5460,5460,3806,3844,2107
5507,5507,3799,3827,2072
5530,5530,4202,4016,2233
5508,5508,3764,4022,2257
5525,5525,3851,3930,2233
5496,5496,3877,3770,2083
5498,5498,3918,3835,2128
5503,5503,4252,4099,2366
5756,5756,4255,3789,2067
5471,5471,3770,3979,2251
5643,5643,4614,4036,2207
5552,5552,3827,3738,2054
5489,5489,3738,3933,2166
5513,5513,3940,3841,2095
5456,5456,4151,3797,2053
5616,5616,3859,3927,2050
5716,5716,3786,3757,2096
5503,5503,3735,3791,2019
5510,5510,3825,3953,2193
5485,5485,3965,3783,2023
5554,5554,4322,3910,2194
5485,5485,3808,5480,2483
5461,5461,4215,3802,2066
5434,5434,3854,3845,2106
5468,5468,3864,3874,2127
5589,5589,3830,3891,2184
5546,5546,3849,3900,2162
5557,5557,3768,3789,2057
5451,5451,4177,3793,2030
5565,5565,3768,3874,2147
5636,5636,3891,3866,2096
5617,5617,3809,3886,2332
5561,5561,3824,3876,2142
5561,5561,3920,3838,2143
5493,5493,4195,3847,2075
5635,5635,3787,3823,2124
5503,5503,3825,3938,2142
5556,5556,3847,3684,2134
5475,5475,3773,3853,2105
5525,5525,3767,3860,2085
5457,5457,4204,3846,2098
5477,5477,3816,3876,2175
5511,5511,3851,3933,2154
5528,5528,3788,3829,2117
5480,5480,3809,3792,2038
5525,5525,3845,4113,2410
5461,5461,4207,3823,2082
5598,5598,3758,3839,1983
5668,5668,3775,3956,2159
5514,5514,3770,3920,2110
5777,5777,3743,3862,2063
5485,5485,3916,3769,2041
5543,5543,3845,3884,2149
5474,5474,3839,3712,2054
5419,5419,3831,3808,2087
5428,5428,3882,3872,2175
5606,5606,4187,3796,2126
5592,5592,3811,3765,2194
5475,5475,3789,3907,2139
5462,5462,3849,4130,2346
5535,5535,3876,3779,2050
5519,5519,3765,3824,2068
5472,5472,4238,3804,2037
5658,5658,3871,3874,2004
5555,5555,3836,3765,2121
5641,5641,3717,3778,2058
5589,5589,3832,3823,2063
5400,5400,3827,3721,2013
5553,5553,4225,3866,2135
5498,5498,3837,3733,1995
5627,5627,3796,3819,2186
5641,5641,3810,3809,2024
5510,5510,3770,3856,2109
5506,5506,3866,4202,2440
5491,5491,3796,4373,2592
5524,5524,3711,3823,2022
5455,5455,4566,3846,2108
5559,5559,3806,3891,2141
5496,5496,3752,3906,2097
5621,5621,3790,4227,2309
5676,5676,3757,3841,2100
5413,5413,3866,3813,2083
5523,5523,4312,3845,2092
5452,5452,3830,3884,2132
5485,5485,4009,3868,2111
5676,5676,3818,3737,2156
5444,5444,3848,3832,2098
5560,5560,3838,3848,2107
5944,5944,4216,3875,2102
5491,5491,3932,3758,2179
5519,5519,3796,3879,2281
5595,5595,3944,3674,2143
5563,5563,3833,3786,2020
5519,5519,3956,4094,2370
5484,5484,4297,3739,2111
5694,5694,3856,3902,1990
5521,5521,3792,3822,2048
5641,5641,3804,3874,2089
5510,5510,3784,3846,2061
5518,5518,3825,3790,2031
5472,5472,3947,3879,2150
5578,5578,3871,3687,2123
6134,6134,3846,3815,2028
5391,5391,3849,3798,2093
5448,5448,3758,3832,2091
5548,5548,3784,3812,2199
5509,5509,3814,3987,2201
5553,5553,4265,4136,2412
5613,5613,3671,3998,2223
5646,5646,3821,3831,2082
5465,5465,4164,3806,2091
5809,5809,3753,4007,2097
5519,5519,3835,3872,2092
5527,5527,3851,3786,2074
5759,5759,3815,3779,2024
5432,5432,3709,3980,2248
5457,5457,4232,3938,2217
5580,5580,3825,3844,2160
5434,5434,3852,3902,2109
5571,5571,3692,3904,2159
5602,5602,3786,3804,2041
5494,5494,3548,4323,2583
5634,5634,4211,4109,2547
5626,5626,3799,3939,2185
5502,5502,3716,3862,2119
5591,5591,3671,3897,2148
5525,5525,3824,3789,2138
5659,5659,3759,3985,2082
5450,5450,3820,3846,2133
5536,5536,3858,3857,2127
5502,5502,4211,3818,2054
5633,5633,3844,3869,2134
5883,5883,3768,3902,2138
5463,5463,3831,3801,2115
5541,5541,3845,3880,2134
5655,5655,3700,4104,2359
5446,5446,4136,3833,2127
5617,5617,3847,3719,2198
5502,5502,3566,4001,2256
5672,5672,3768,3821,2065
5615,5615,4265,3928,2168
5448,5448,3796,3753,2022
5531,5531,3902,4021,2291
5591,5591,3867,3859,2083
5534,5534,3818,3836,2041
5632,5632,3754,3911,2163
5520,5520,3888,3835,2112
5572,5572,3724,3954,2187
5508,5508,4583,3972,2174
5461,5461,3858,4033,2375
5604,5604,4297,3852,2091
5486,5486,4238,3748,2035
5888,5888,3763,3792,2067
5562,5562,4165,3884,2135
5571,5571,3862,3911,2152
5547,5547,3824,3930,2223
5542,5542,4240,3899,2123
5508,5508,3797,3808,2052
5421,5421,3682,4165,2437
5616,5616,3751,4221,2346
5540,5540,3823,3861,2099
5403,5403,3779,3873,2053
5460,5460,4246,3844,2121
5495,5495,3761,3814,2109
5473,5473,3604,4032,2296
5523,5523,3859,3704,2065
5495,5495,3778,3825,2064
5510,5510,4177,3884,2171
5455,5455,4189,3849,2091
5416,5416,3804,3876,2106
5544,5544,3796,3862,2070
5638,5638,3919,3742,2143
5483,5483,3780,3812,2061
5681,5681,3828,3755,2320
5477,5477,4638,3890,2125
5689,5689,3764,3902,2003
5561,5561,3908,3911,2128
5526,5526,3863,3777,2045
5773,5773,3756,3870,2032
5457,5457,3823,3710,2077
5537,5537,3853,4014,2240
5538,5538,3774,3764,2097
5653,5653,3747,3796,2035
5462,5462,3749,3891,2138
5548,5548,4204,4070,2307
5508,5508,3780,3912,2151
5581,5581,3811,3909,2154
5591,5591,3761,4150,2304
5485,5485,3835,3834,2092
5515,5515,3768,3801,2084
5493,5493,4174,3843,2047
5561,5561,3947,3871,2057
5445,5445,3968,3787,2144
5452,5452,3828,3779,2046
5537,5537,3816,3894,2112
5589,5589,3736,3909,2159
5609,5609,4188,3948,2245
5498,5498,3938,3800,2114
5476,5476,3927,3772,2088
5566,5566,3784,3842,2112
5467,5467,3877,3835,2121
5682,5682,3756,4199,2453
5520,5520,3796,4352,2608
5424,5424,3895,3838,2086
5468,5468,3970,4085,2309
5596,5596,3835,3816,2073
5583,5583,3789,3859,2109
5711,5711,4292,3805,2172
5645,5645,3791,3773,2034
5472,5472,4134,3791,2076
5440,5440,3935,3961,2287
5430,5430,3543,4005,2239
5578,5578,3834,3886,2435
5554,5554,3633,3907,2241
5577,5577,3823,3785,2068
5567,5567,3809,3811,2078
5528,5528,4657,3752,2099
5451,5451,3631,4086,2347
5702,5702,4086,4167,2423
5646,5646,3793,3772,2183
5505,5505,3853,3848,2095
5592,5592,3781,4148,2377
5450,5450,4209,3770,2027
5650,5650,3785,3928,2055
5520,5520,3981,3710,2252
5662,5662,3818,3811,2057
5444,5444,3749,3822,2061
5577,5577,3880,3847,2113
5891,5891,3949,3805,2238
5482,5482,3821,4080,2361
5488,5488,3997,3856,2131
5534,5534,3981,3638,2089
5423,5423,3806,3825,2116
5474,5474,3823,3870,2146
5539,5539,3803,3933,2183
5661,5661,3758,4129,2362
5504,5504,3831,3791,2099
5565,5565,3973,4029,2335
5458,5458,4219,3936,2152
5583,5583,3819,3944,2014
5491,5491,3822,3798,2072
5482,5482,5466,3879,2072
5541,5541,3875,3889,2179
5559,5559,3582,4181,2412
5484,5484,4290,3924,2201
5472,5472,4138,3634,2165
5613,5613,4176,3679,2146
5589,5589,3811,3795,2005
5596,5596,3778,3901,2151
5468,5468,3868,4251,2549
5675,5675,4183,3981,2197
5468,5468,3857,3832,2051
5523,5523,3743,3803,2016
5447,5447,3848,3776,2077
5554,5554,3928,3814,2127
5776,5776,3769,3875,1991
5704,5704,3825,3756,2032
5483,5483,3811,3761,2130
5459,5459,4192,3769,2168
5441,5441,3834,3882,2128
5452,5452,3856,3947,2205
5494,5494,4218,4412,2760
5480,5480,4198,3891,2132
5645,5645,3921,4160,2262
5450,5450,4256,3828,2096
5464,5464,3760,3960,2199
5526,5526,3803,3915,2287
5567,5567,3853,3787,2148
5514,5514,3840,3813,2161
5478,5478,3796,3823,2033
5507,5507,4169,3829,2085
5677,5677,3845,3930,1970
5756,5756,4278,3848,1968
5450,5450,3761,3781,2048
5458,5458,3742,3846,2101
5469,5469,4228,3733,2128
5493,5493,4297,3930,2209
5449,5449,3874,4143,2457
5461,5461,4245,3844,2177
5454,5454,3859,3751,2034
5516,5516,3834,3829,2036
5515,5515,3777,3931,2157
5534,5534,3797,3919,2191
5578,5578,3775,3799,2123
5510,5510,4133,3862,2136
5657,5657,3780,3849,2148
5530,5530,3810,3832,2105
5737,5737,3838,3840,2206
5705,5705,3910,3848,2211
5504,5504,3788,3814,2098
5493,5493,4450,3691,2135
5502,5502,3801,3818,2061
5531,5531,3792,3992,2248
5493,5493,3837,3781,2150
5457,5457,3841,3790,2075
5431,5431,3799,3869,2122
5488,5488,4124,3744,2148
5556,5556,3754,3869,2114
5612,5612,3796,4101,2295
5431,5431,3842,3811,2077
5481,5481,3737,3886,2126
5536,5536,3851,4146,2423
5483,5483,4254,3925,2163
5623,5623,3837,3917,1994
5497,5497,3772,3900,2318
5507,5507,3789,3865,2113
5552,5552,3852,3853,2107
5474,5474,3607,4039,2282
5521,5521,3803,3928,2186
5507,5507,3860,3782,2117
5645,5645,3824,3749,2123
5494,5494,3767,3821,2093
5572,5572,4173,3849,2135
5451,5451,3764,3890,2179
5615,5615,3769,3839,2225
5441,5441,3800,3812,2319
5549,5549,3818,3821,2040
5472,5472,3642,3851,2133
5561,5561,4182,3870,2128
5652,5652,3803,3938,1979
5565,5565,3796,3818,2070
5425,5425,3875,3798,2174
5590,5590,3711,3943,2183
5766,5766,3842,3800,2174
5484,5484,4292,3861,2127
5536,5536,3843,3819,2148
5487,5487,3734,3848,2071
5506,5506,3821,3796,2081
5571,5571,3788,3892,2090
5503,5503,3801,3827,2340
5451,5451,3748,4325,2557
5472,5472,3571,4121,2458
5516,5516,4149,3829,2030
5628,5628,3798,3849,2092
5766,5766,3823,3829,2080
5699,5699,3825,4210,2257
5625,5625,3989,3796,2084
5451,5451,3796,3786,2048
5463,5463,4408,3797,2143
5471,5471,3824,3806,2055
5611,5611,3902,3917,2181
5500,5500,3869,3717,2069
5507,5507,3819,3828,2063
5533,5533,3816,3767,2020
5547,5547,4143,3782,2051
5607,5607,3730,4033,2245
5536,5536,3792,3911,2163
5591,5591,3795,3881,2174
5466,5466,3776,3841,2078
5715,5715,3822,4073,2371
5887,5887,4155,3837,2075
5687,5687,3862,3924,2021
5485,5485,3753,3813,2098
5446,5446,3725,3755,2102
5492,5492,3762,4045,2334
5804,5804,4161,3771,2062
5495,5495,4359,3850,2254
5549,5549,3852,3684,2118
5879,5879,3801,3845,2102
5475,5475,3754,3795,2026
5488,5488,3761,3767,2027
5471,5471,3865,3784,2205
5511,5511,4168,3968,2194
5586,5586,3804,4203,2428
5452,5452,3827,3872,2098
5514,5514,3713,3779,2056
5476,5476,3888,3839,2109
5820,5820,3826,3993,2095
5483,5483,4194,3886,2163
5488,5488,3786,3828,2122
5592,5592,3914,3979,2234
5493,5493,3505,4213,2462
5416,5416,3890,3902,2183
5694,5694,3864,3782,2166
5554,5554,4200,3875,2143
5460,5460,3821,3867,2093
5539,5539,3848,3923,2096
5435,5435,3848,4098,2555
5541,5541,3846,3913,2204
5653,5653,3803,3844,2042
5955,5955,4112,3917,2121
5537,5537,3936,3824,2109
5505,5505,3761,3875,2083
5615,5615,3811,3928,2042
5522,5522,3929,3888,2133
5464,5464,3835,3984,2218
5443,5443,3756,3869,2129
5438,5438,3836,3834,2075
5506,5506,3872,4044,2245
5507,5507,3872,3725,2071
5436,5436,3885,3833,2063
5537,5537,3790,4157,2424
5647,5647,4309,3766,2051
5502,5502,3678,3982,2260
5489,5489,3766,3883,2207
5499,5499,3770,3855,2125
5580,5580,3999,3795,2168
5509,5509,3779,3883,2116
5447,5447,4140,3902,2122
5671,5671,3811,3883,2022
5435,5435,3837,3879,2180
5596,5596,3779,3802,2082
5459,5459,3797,3934,2113
5536,5536,3895,3829,2086
5609,5609,4260,3863,2146
5520,5520,3835,3691,2308
5519,5519,3978,4057,2249
5530,5530,4171,3928,2167
5542,5542,3802,3881,2137
5602,5602,3797,3942,2186
5589,5589,3816,4057,2296
5553,5553,3561,4008,2258
5504,5504,3999,4178,2442
5662,5662,3842,3912,2138
5512,5512,3877,3780,2044
5676,5676,3589,4158,2256
5531,5531,4175,3946,2323
5494,5494,3844,3798,2042
5497,5497,4194,3962,2267
5454,5454,3610,4287,2514
5426,5426,3656,4111,2338
5509,5509,3929,3716,2063
5498,5498,3790,3855,2108
5668,5668,4210,3765,1997
5476,5476,4536,3778,2036
5440,5440,3505,4127,2407
5562,5562,3714,3890,2131
5412,5412,3813,3849,2086
5522,5522,3779,3783,2028
5588,5588,3858,4106,2383
5552,5552,4042,4018,2286
5644,5644,3538,4026,2139
5534,5534,4200,3973,2188
5446,5446,3938,3749,2141
5445,5445,3531,4070,2253
5482,5482,4138,4105,2403
5463,5463,3961,4023,2194
5463,5463,3654,3992,2297
5531,5531,4226,3838,2100
5491,5491,3609,4007,2245
5489,5489,4309,3876,2067
5442,5442,3952,3907,2103
5546,5546,3881,3902,2205
5585,5585,3640,4140,2404
5439,5439,3783,3824,2097
5496,5496,3858,3812,2061
5540,5540,4228,3849,2131
5653,5653,3809,3817,2020
5638,5638,3842,3837,2015
5463,5463,3791,3803,2040
5437,5437,3885,3842,2139
5506,5506,3806,3755,2108
5576,5576,4208,3895,2126
5614,5614,3868,3786,2087
5529,5529,3911,3861,2092
5494,5494,3771,3895,2130
5434,5434,3890,3761,2093
5675,5675,3802,4223,2457
5510,5510,3727,4357,2520
5621,5621,3875,3835,2061
5628,5628,4098,3875,2103
5426,5426,3838,3849,2082
5431,5431,3629,3985,2293
5583,5583,3772,4207,2349
5533,5533,3958,4084,2284
5493,5493,3770,3883,2125
5466,5466,4218,3800,2114
5617,5617,3808,3815,2063
5502,5502,3842,3875,2120
5463,5463,3866,3671,2146
5456,5456,3843,3859,2046
5520,5520,3798,3848,2059
5468,5468,4148,3862,2082
5525,5525,3882,3959,2205
5476,5476,4411,3926,2266
5559,5559,3844,3768,2116
5594,5594,3794,3792,1996
5477,5477,4007,3810,2410
5879,5879,4194,3946,2097
5606,5606,3784,3850,1929
5580,5580,3778,3809,2188
5570,5570,3791,3770,2056
5482,5482,3761,3871,2104
5721,5721,3823,3763,2023
5506,5506,4090,3915,2213
5863,5863,3975,3688,2126
5596,5596,3763,3860,2086
5475,5475,3791,3957,2209
5545,5545,3762,3902,2083
5587,5587,3786,3897,2105
5481,5481,3820,3910,2138
5631,5631,3846,3874,2297
5473,5473,3830,3903,2148
5573,5573,3823,3943,2137
5499,5499,4258,3793,2195
5652,5652,3834,3901,1956
5572,5572,3809,3835,2060
5494,5494,3824,3763,2009
5504,5504,3802,3832,2117
5574,5574,3795,3869,2075
5490,5490,4267,3942,2192
5648,5648,3906,3754,2029
5414,5414,3766,3780,2071
5477,5477,3785,3763,1993
5516,5516,3807,3796,2027
5462,5462,3794,4293,2477
5520,5520,4260,3963,2230
5620,5620,3770,3799,2204
5484,5484,3770,3878,2082
5493,5493,3847,3821,2049
5530,5530,3792,3890,2099
5606,5606,3804,3834,1978
5535,5535,3937,3825,2101
5650,5650,3790,3835,2090
5485,5485,4213,3862,2113
5514,5514,3822,3750,2006
5448,5448,3840,3925,2277
5477,5477,3804,3785,2135
5497,5497,3572,4070,2301
5489,5489,4187,4067,2334
5667,5667,4179,3821,2068
5539,5539,3822,3784,2192
5515,5515,3741,3902,2110
5597,5597,3775,3824,2180
5471,5471,3789,3980,2228
5485,5485,3671,3964,2239
5455,5455,4088,3859,2120
5598,5598,3779,3837,1966
5653,5653,3528,4008,2270
5510,5510,4158,3800,2068
5788,5788,3790,3876,2084
5562,5562,3821,3762,2067
5481,5481,4776,3899,2183
5530,5530,3664,4056,2423
5599,5599,4314,3732,2067
5528,5528,3803,3771,2028
5742,5742,3861,3861,2118
5723,5723,3878,3921,2164
5502,5502,3759,3907,2160
5519,5519,3893,3770,2051
5501,5501,4371,3852,2127
5576,5576,3868,4083,2132
5665,5665,3803,3850,2052
5641,5641,3778,4208,2351
5521,5521,3807,3897,2134
5527,5527,3807,3961,2201
5504,5504,4239,3848,2100
5719,5719,3524,4033,2292
5519,5519,3816,4038,2228
5460,5460,3724,3799,2121
5671,5671,3986,3829,2190
5637,5637,3813,3788,2076
5531,5531,4153,3796,2067
5633,5633,3793,3954,2176
5695,5695,3756,3946,2194
5493,5493,3900,3839,2067
5497,5497,3776,3782,2030
5471,5471,3878,3766,2308
5475,5475,4155,3854,2204
5609,5609,3822,3885,2002
5506,5506,3811,3866,2079
5515,5515,3810,3792,2016
5524,5524,3991,3889,2160
5499,5499,3821,3730,2082
5490,5490,4021,3986,2186
5520,5520,3854,3680,2157
5471,5471,3814,3740,2112
5521,5521,3780,3792,2155
5448,5448,4271,4091,2344
5603,5603,3851,3865,2156
5491,5491,3706,4019,2219
5481,5481,3826,4145,2431
5490,5490,3823,3860,2091
5448,5448,3846,3781,2135
5607,5607,4242,3778,2121
5607,5607,3810,3922,2021
5476,5476,3824,3811,2069
5512,5512,3746,3907,2099
5543,5543,3881,3875,2135
5457,5457,4129,3480,2137
5718,5718,4268,3977,2177
5501,5501,3844,3798,2148
5539,5539,3750,3840,2080
5458,5458,3764,3770,2043
5435,5435,3767,3803,2038
5461,5461,3787,3744,2376
5497,5497,3756,4312,2525
5531,5531,3780,3996,2235
5633,5633,4146,3926,2165
5627,5627,3890,3877,2108
5679,5679,3816,3770,2067
5663,5663,3825,4241,2358
5687,5687,3741,3919,2199
5513,5513,3791,3789,2084
5598,5598,4218,3838,2037
5530,5530,3809,3851,2117
5479,5479,3832,3978,2222
5472,5472,3845,3659,2109
5519,5519,3788,3863,2149
5453,5453,3797,3794,2037
5591,5591,4226,3863,2106
5510,5510,3740,3879,2103
5508,5508,3694,3882,2116
5489,5489,3769,3770,2022
5526,5526,3804,3877,2271
5605,5605,3852,4128,2425
5499,5499,4424,3877,2108
5658,5658,3786,4037,2111
5697,5697,3818,3808,2056
5687,5687,3757,3859,2091
5910,5910,3848,3835,2089
5661,5661,3752,3824,2113
5519,5519,3841,3968,2180
5598,5598,3897,3678,2029
5476,5476,3730,3800,2044
5536,5536,3802,3711,2107
5485,5485,3704,3772,2052
5487,5487,3796,3913,2135
5484,5484,3784,3851,2101
5629,5629,3770,4168,2423
5543,5543,3897,3811,2104
5678,5678,3853,4064,2282
5730,5730,4023,4015,2236
5763,5763,3983,3866,2117
5660,5660,3828,3749,2172
5515,5515,3710,3760,2060
5651,5651,3828,3944,2081
5512,5512,3837,3828,2084
5524,5524,4299,3889,2151
5570,5570,3920,3941,2254
5451,5451,3817,3958,2181
5621,5621,3793,3824,2058
5518,5518,3909,3875,2109
5589,5589,3747,4249,2493
5468,5468,4223,4038,2311
5408,5408,3796,3734,2005
5595,5595,3756,3780,2142
5546,5546,3954,3664,2096
5695,5695,3875,3807,1924
5629,5629,3789,3984,2082
5587,5587,3787,3763,1984
5561,5561,3795,3803,2078
5488,5488,4198,3852,2134
5646,5646,3704,3874,2142
5465,5465,3888,3819,2075
5614,5614,3818,3705,2138
5483,5483,3806,3864,2122
5466,5466,3817,3923,2458
5412,5412,4297,3860,2143
5623,5623,3793,3720,2163
5589,5589,3684,3949,2191
5497,5497,3822,3889,2152
5471,5471,3813,3937,2106
5436,5436,3859,3791,2050
5615,5615,4165,3839,2091
5603,5603,4167,4040,2149
5526,5526,3897,3822,2084
5511,5511,3749,3814,2042
5462,5462,4135,3796,2067
5613,5613,4955,3872,2139
5469,5469,4370,4073,2259
5538,5538,4033,4056,2385
5633,5633,4176,3885,2155
5729,5729,3788,3745,1939
5668,5668,4590,3895,2124
5653,5653,3770,3791,2063
5566,5566,3724,3887,2161
5489,5489,3819,4046,2319
5460,5460,4219,3804,2058
5414,5414,3882,3794,2064
5567,5567,3797,3770,2056
5792,5792,3531,4136,2281
5573,5573,3774,4053,2291
5465,5465,3792,3886,2115
5468,5468,4214,3832,2108
5533,5533,3823,3878,2104
5613,5613,3904,3968,2208
5505,5505,3570,3926,2272
5470,5470,4185,3827,2121
7210,7210,4162,3914,659
5595,5595,3805,3824,1896
5510,5510,3872,4032,2244
5458,5458,3747,3875,2108
5753,5753,3946,3841,1977
5576,5576,3623,4078,2362
5499,5499,3854,4197,2452
5684,5684,3655,4047,2282
5579,5579,3774,3901,2053
5486,5486,3774,3792,2052
5804,5804,3773,3845,2030
5492,5492,3823,3921,2098
5677,5677,3846,3765,2080
5903,5903,3823,3920,2175
5579,5579,3895,3841,2159
5445,5445,3775,3839,2050
5454,5454,3857,3765,2127
5527,5527,4165,3817,2091
5623,5623,3864,3767,2230
5525,5525,3720,3895,2145
5439,5439,3777,4125,2369
5423,5423,3891,3846,2131
5545,5545,3955,3859,2127
5653,5653,4051,3987,2195
5636,5636,3875,3924,2057
5511,5511,3785,3896,2116
5475,5475,3739,3753,2052
5483,5483,3787,3854,2139
5527,5527,3820,3850,2100
5476,5476,4459,3875,2154
5585,5585,3863,3781,2746
5551,5551,3812,3869,2096
5455,5455,3746,3840,2074
5482,5482,3763,3946,2107
5579,5579,3837,3742,2346
5452,5452,3674,4479,2697
5482,5482,3793,3846,2110
5442,5442,4184,3815,2084
5621,5621,3630,4036,2332
5486,5486,3873,3908,2156
5673,5673,3747,4245,2300
5658,5658,3813,3895,2132
5442,5442,3769,3784,2041
5617,5617,4301,3674,2104
5539,5539,3557,4046,2301
5636,5636,3870,3921,2067
5498,5498,3874,3678,2129
5461,5461,3732,3789,2067
5584,5584,3876,3923,2161
5657,5657,4305,3867,2136
5500,5500,3757,3778,2172
5781,5781,3744,3922,2109
5634,5634,3825,3788,2171
5563,5563,3789,3840,2057
5676,5676,3866,4113,2372
5470,5470,4190,3835,2126
5584,5584,3749,3918,2017
5538,5538,3825,3981,2225
5572,5572,3785,3871,2141
5596,5596,3822,3908,2074
5507,5507,3846,3854,2127
5529,5529,3842,3932,2186
5560,5560,4011,3717,2223
5505,5505,3796,4252,2442
5487,5487,3910,3782,2033
5472,5472,3743,3842,2096
5537,5537,3761,3832,2105
5479,5479,3751,3876,2136
5608,5608,3826,4087,2307
5501,5501,3788,3923,2179
5609,5609,3858,3874,2129
5558,5558,4263,3795,2017
5641,5641,3864,3849,1964
5481,5481,3742,3806,2070
5535,5535,3751,3758,2029
5510,5510,3741,3853,2103
5509,5509,3844,3799,2024
5665,5665,4227,3968,2194
5654,5654,3858,3833,2157
5491,5491,3795,3882,2112
5455,5455,3832,3822,2069
5455,5455,3918,3860,2119
5473,5473,3830,3737,2384
5513,5513,4837,3951,2188
5515,5515,3732,3812,2012
5574,5574,3943,3751,2125
5475,5475,3868,3870,2123
5469,5469,3761,3837,2077
5807,5807,3802,3878,1927
5565,5565,3821,4000,2232
5500,5500,3841,3704,2122
5493,5493,4133,3787,2140
5646,5646,3558,4003,2251
5492,5492,3827,3892,2151
5480,5480,3824,3874,2110
5511,5511,3850,3771,2170
5484,5484,4181,4173,2420
5733,5733,4161,3910,2179
5522,5522,3855,4021,2298
5535,5535,3743,3913,2172
5477,5477,3904,3842,2090
5486,5486,3947,3841,2070
5710,5710,3909,3715,1983
5483,5483,4231,3843,2100
5640,5640,3752,3901,2036
5486,5486,3757,3828,2108
5481,5481,3782,3962,2185
5491,5491,3894,3754,2031
5537,5537,3757,3792,2081
5473,5473,4227,3974,2226
5482,5482,4278,4083,2406
5516,5516,4407,3802,2070
5482,5482,3807,3802,2075
5520,5520,3796,3858,2104
5523,5523,4065,3909,2148
5484,5484,3734,3915,2155
5524,5524,3632,3913,2167
5683,5683,4193,3892,2165
5573,5573,3879,3845,2116
5547,5547,3911,3780,2046
5699,5699,3897,4228,2374
5623,5623,3796,3915,2190
5529,5529,3832,3800,2214
5471,5471,4216,3875,2136
6919,6919,3550,4145,2434
5483,5483,3902,3893,2283
5424,5424,3828,3759,2099
5620,5620,3844,3823,2087
5497,5497,3777,4096,2338
5525,5525,4205,3793,2072
5497,5497,3731,3866,2097
5510,5510,3705,3945,2251
5724,5724,3781,3804,2040
5478,5478,3884,3876,2130
5457,5457,3817,4191,2446
5461,5461,4260,3915,2150
5560,5560,3784,3894,1980
5606,5606,3820,3963,2210
5601,5601,3892,3730,2129
5529,5529,3795,3817,2138
5473,5473,3798,3796,2076
5499,5499,3862,3920,2160
5525,5525,3839,3713,2146
5456,5456,3968,3873,2109
5542,5542,3765,3877,2090
5431,5431,4207,3801,2070
5600,5600,3902,3934,2181
5592,5592,3934,3985,2226
5700,5700,3804,4158,2415
5463,5463,3939,3966,2230
5494,5494,3881,3873,2106
5470,5470,4319,3703,2113
5793,5793,3842,3886,1997
5525,5525,3899,3865,2109
5463,5463,3814,3736,2003
5516,5516,3899,3829,2172
5536,5536,3804,3823,2093
5512,5512,4267,3983,2258
5552,5552,3886,4093,2192
5441,5441,3792,3767,2194
5695,5695,3833,3772,2050
5489,5489,3706,3897,2184
5559,5559,3859,4149,2386
5552,5552,3720,4332,2562
5544,5544,3868,3834,2109
5609,5609,4268,3815,2208
5436,5436,3903,3956,2153
5697,5697,3788,3781,2120
5606,5606,3609,4038,2467
5461,5461,3823,3810,2058
5446,5446,3821,3834,2075
5510,5510,4212,3933,2151
5509,5509,4214,3816,2067
5505,5505,3825,3865,2241
5627,5627,3849,3902,2224
5557,5557,3857,3770,2003
5457,5457,3886,3830,2020
5439,5439,4292,3817,2076
5533,5533,4173,3817,2047
5552,5552,3803,3913,2145
5465,5465,3803,3780,2121
5566,5566,3727,3784,2138
5437,5437,3779,4155,2429
5483,5483,4328,3774,2139
5670,5670,3777,3867,1952
5506,5506,3870,3867,2075
5602,5602,3832,3768,2052
5560,5560,3897,3861,2158
5611,5611,3905,3926,2173
5480,5480,3843,3916,2215
5587,5587,3897,3705,2133
5629,5629,3904,3723,2128
5515,5515,3811,3756,2014
5474,5474,3759,3801,2082
5517,5517,3796,3949,2233
6224,6224,3943,3612,2168
5485,5485,4433,3574,2285
5611,5611,3980,3725,2190
5696,5696,3855,3759,1936
5441,5441,4391,3819,2052
5674,5674,3764,3848,1913
5536,5536,3862,3725,2097
5489,5489,3797,3788,2056
5534,5534,3777,3835,2063
5507,5507,3762,3760,2011
5490,5490,4271,3938,2130
5509,5509,3839,3755,2090
5458,5458,4254,3904,2191
5694,5694,3784,3844,2049
5483,5483,3819,3872,2129
5448,5448,3807,4214,2481
5707,5707,4226,4038,2314
5475,5475,3769,3801,2040
5397,5397,3884,3791,2038
5470,5470,4006,3783,2060
5494,5494,3774,3802,2142
5680,5680,3800,3802,2032
5433,5433,3837,3832,2060
5530,5530,3796,3851,2014
5533,5533,4335,3839,2110
5675,5675,3816,3742,2021
5612,5612,3844,3925,2185
5478,5478,3893,3721,2135
5548,5548,3822,3780,2019
5464,5464,3649,4142,2399
5510,5510,4235,3841,2098
5518,5518,3811,3926,2140
5644,5644,3911,3955,2201
5481,5481,3737,3959,2223
5496,5496,3876,3767,2113
5643,5643,3537,4030,2295
5442,5442,3980,4227,2493
5636,5636,4229,3885,2016
5483,5483,3960,3784,2159
5503,5503,3782,3799,2073
5510,5510,3863,3863,2088
5488,5488,3765,3782,2051
5552,5552,4249,3916,2146
5482,5482,3917,4081,2416
5581,5581,4197,3885,2096
5436,5436,4256,3824,2100
5530,5530,3742,3874,2121
5594,5594,3766,3998,2209
5454,5454,3834,3909,2209
5484,5484,3802,3891,2135
5510,5510,4179,3776,2116
5880,5880,4236,3767,2006
5513,5513,3495,4059,2304
5559,5559,3836,4192,2312
5439,5439,3912,3853,2111
5533,5533,3928,3817,2075
5568,5568,4587,3917,2194
5623,5623,3825,3820,2077
5482,5482,3649,4061,2308
5476,5476,3823,3680,2144
5583,5583,3708,3926,2278
5558,5558,3778,3757,2012
5474,5474,4376,4028,2262
5470,5470,3551,4138,2414
5528,5528,3188,4399,2648
5572,5572,3506,3997,2260
5452,5452,3790,3884,2125
5580,5580,3807,4099,2361
5442,5442,4244,3914,2109
5613,5613,3580,4025,2147
5707,5707,3886,3815,2050
5564,5564,3806,3798,2076
5474,5474,3845,3739,2109
5552,5552,3463,4100,2353
5533,5533,3853,3942,2176
5467,5467,3848,3773,2121
5601,5601,4266,3884,2159
5638,5638,3788,3866,2129
5519,5519,4220,3846,2066
5612,5612,3540,4266,2503
5478,5478,3755,3937,2222
5477,5477,3811,4347,2424
5530,5530,3798,3950,2120
5396,5396,3809,3799,2049
5550,5550,4295,3928,2097
5838,5838,3802,3892,1983
5537,5537,3847,3863,2127
5437,5437,3785,3890,2163
5740,5740,3768,3849,2108
5564,5564,3796,3796,2190
5504,5504,4253,3865,2193
5475,5475,3837,3875,2263
5556,5556,3932,3796,2040
5565,5565,3770,3789,2066
5438,5438,3882,3857,2104
5451,5451,3823,4189,2455
5471,5471,3713,4323,2546
5465,5465,3778,3833,2111
5473,5473,4342,3881,2135
5515,5515,3814,3846,2090
5457,5457,3782,3888,2128
5709,5709,3792,3817,2231
5657,5657,3873,3872,2144
5578,5578,3777,3821,2165
5503,5503,4035,4045,2294
5515,5515,3833,3822,2038
5584,5584,3860,3952,2285
5471,5471,3914,3743,2247
5576,5576,4357,3874,2102
5449,5449,3827,3832,2071
5443,5443,3929,4199,2428
5598,5598,3831,3801,2075
5555,5555,3870,3769,2227
5487,5487,3781,3820,2083
5632,5632,3829,3857,2036
5537,5537,3778,4165,2425
5537,5537,4539,3732,2148
5605,5605,3817,3944,2053
5634,5634,4030,3877,2135
5477,5477,3805,3941,2103
5520,5520,3767,3811,2077
5519,5519,3875,3726,2109
5434,5434,3878,3899,2167
5474,5474,3926,3792,2090
5720,5720,3743,3830,2068
5503,5503,3815,3884,2171
5451,5451,3823,3800,2147
5509,5509,3804,3761,2218
5567,5567,3795,3904,2047
5448,5448,3796,3741,2351
5562,5562,3818,3832,2025
5421,5421,3798,3821,2091
5594,5594,4384,3803,2138
5549,5549,3956,3912,2118
5516,5516,3868,3802,2098
5491,5491,3813,3867,2110
5491,5491,3791,3930,2151
5467,5467,3832,3747,2046
5625,5625,4328,3953,2134
5498,5498,3890,3725,2000
5737,5737,3813,3946,2192
5590,5590,3779,3855,2100
5501,5501,3746,3947,2201
5606,5606,3801,4216,2434
5440,5440,4193,3848,2221
5484,5484,3927,3787,2143
5615,5615,3797,4071,2168
5475,5475,3841,3787,2056
5525,5525,3830,3915,2147
5616,5616,3793,3878,1967
5525,5525,3840,3788,2062
5461,5461,4179,3878,2093
5503,5503,4165,3782,2059
5497,5497,3881,3779,2157
5448,5448,3897,3958,2253
5562,5562,3842,3664,2032
5918,5918,3599,4048,2256
5464,5464,3890,4188,2443
5472,5472,4245,3892,2096
5494,5494,3955,3804,2230
5545,5545,3695,3931,2209
5482,5482,3792,3844,2105
5560,5560,3773,3775,2059
5467,5467,3793,3790,2071
5563,5563,4203,3816,2009
5558,5558,3785,3956,2035
5513,5513,3645,3989,2241
5493,5493,3796,3768,2023
5651,5651,4201,3820,2064
5494,5494,3795,3795,2037
5416,5416,4280,3849,2205
5532,5532,3805,4101,2462
5629,5629,4156,3843,2107
5492,5492,4240,3802,2073
5484,5484,3777,4045,2284
5502,5502,3730,3934,2187
5594,5594,3834,3875,2132
5522,5522,3771,3749,1993
5664,5664,4204,3771,2053
5497,5497,3794,3803,2056
5509,5509,3820,3801,2145
5681,5681,3779,3868,2312
5554,5554,3914,3887,2122
5549,5549,3765,3839,2070
5562,5562,4214,3786,2020
5648,5648,3812,4017,1959
5630,5630,3861,3903,1990
5455,5455,3800,3781,2118
5679,5679,3820,3823,2109
5589,5589,3769,3864,2132
5552,5552,4192,3733,2112
5671,5671,3777,3855,2122
5532,5532,3738,3832,2094
5479,5479,3728,3774,2030
5505,5505,3790,3805,2066
5572,5572,3815,4115,2386
5468,5468,4199,4000,2194
5589,5589,3770,3911,2030
5446,5446,3853,3878,2098
5565,5565,3785,3802,1951
5503,5503,3869,3948,2214
5700,5700,3773,3760,1933
5453,5453,3825,3907,2188
6436,6436,3967,3881,2195
5617,5617,3807,4137,2202
5507,5507,3816,3808,2028
5488,5488,4202,3835,2087
5492,5492,3836,4163,2426
5573,5573,4098,3985,2358
5658,5658,3796,4133,2394
5508,5508,3786,3834,2121
5583,5583,3814,3808,2003
5597,5597,4248,3827,2179
5812,5812,3796,3875,1993
5517,5517,3847,3812,2061
5473,5473,3907,3776,2006
5509,5509,3795,3777,2071
5657,5657,3837,3735,2038
5440,5440,4245,3924,2188
5561,5561,3834,3684,1994
5541,5541,3788,3855,2117
5400,5400,3771,3813,2073
5490,5490,3796,3845,2128
5459,5459,3743,5072,3567
5550,5550,3668,4334,2587
5484,5484,4175,3805,2077
5532,5532,4080,3894,2148
5475,5475,3911,3784,2165
5484,5484,3843,3785,2086
5778,5778,3893,4257,2244
5459,5459,3790,3866,2136
5512,5512,3845,3746,2022
5479,5479,4210,3875,2239
5621,5621,3881,3789,2039
5484,5484,3901,3934,2175
5837,5837,3823,3712,2057
5558,5558,3908,3852,2200
5508,5508,4010,3691,2125
5504,5504,4197,3850,2058
5478,5478,3812,3869,2119
5496,5496,3722,4032,2281
5585,5585,3724,3954,2206
5548,5548,3874,3898,2119
5429,5429,3813,4232,2414
5538,5538,4177,3985,2252
5626,5626,3817,3928,2035
5463,5463,3954,3816,2067
5469,5469,3862,3752,2099
5556,5556,3849,3908,2121
5634,5634,3818,3797,2095
5560,5560,3799,3943,2185
5437,5437,3822,3772,2090
5641,5641,3614,3869,2153
5470,5470,3782,3791,2065
5563,5563,3792,3810,2177
5561,5561,3829,3855,2082
6388,6388,3817,4032,2147
5495,5495,3822,4116,2381
5673,5673,4065,3629,2149
5670,5670,3964,3579,2036
5724,5724,4250,3838,2100
5817,5817,3831,3870,2066
5450,5450,3838,4065,2259
5480,5480,3768,4031,2164
5506,5506,3851,3819,2052
5520,5520,3798,3815,2070
5438,5438,4247,3864,2209
5454,5454,3949,3779,2130
5607,5607,3928,3852,2126
5503,5503,3817,3855,2119
5505,5505,3832,3818,2054
5657,5657,3743,4185,2442
5503,5503,4123,4074,2328
5457,5457,3874,3800,2072
5590,5590,3781,3892,2181
5678,5678,3792,3852,2044
5474,5474,3863,3828,2076
5664,5664,3796,3887,1981
5506,5506,3828,3827,2091
5457,5457,3882,3811,2159
5448,5448,4234,3895,2104
5739,5739,3786,3805,2050
5552,5552,3816,3899,2167
5483,5483,3905,3763,2202
5692,5692,3795,3834,2056
5571,5571,3851,4114,2381
5499,5499,4323,3816,2036
5468,5468,3902,3903,2145
5496,5496,3850,3915,2274
5489,5489,3884,3764,2022
5496,5496,3635,4046,2253
5484,5484,3993,3891,2244
5510,5510,3968,4023,2296
5607,5607,4181,3950,2050
5573,5573,3861,3784,2064
5479,5479,3750,3855,2128
5493,5493,3788,3829,2104
5578,5578,3855,3808,2048
5525,5525,4365,4043,2256
5476,5476,3847,4059,2389
5480,5480,4276,3889,2155
5497,5497,4119,3822,2072
5498,5498,3771,3787,2050
5561,5561,3820,3742,2181
5498,5498,3767,3987,2210
5558,5558,3781,3779,2107
5482,5482,4321,3790,2082
5485,5485,3912,3801,2092
5589,5589,3424,4190,2451
5791,5791,3809,4242,2346
5624,5624,3771,3832,2076
5562,5562,3824,3864,2088
5504,5504,4178,3865,2119
5697,5697,3705,3909,2310
5499,5499,4000,3993,2233
5795,5795,4014,3730,1951
5629,5629,3854,3799,2070
5500,5500,3834,3716,2095
5531,5531,4187,3812,2131
5527,5527,3813,3890,2111
5502,5502,4533,3893,2147
5481,5481,3719,3801,2068
5461,5461,3849,3848,2137
5495,5495,3800,4215,2470
5572,5572,4248,3843,1981
5666,5666,3833,3817,1965
5565,5565,3905,3836,2083
5695,5695,3866,3762,2143
5576,5576,3823,3817,1925
5565,5565,3806,3795,2069
5476,5476,3814,3935,2168
5506,5506,3922,3811,2081
5528,5528,3832,3720,2088
5431,5431,3821,3850,2095
5491,5491,4157,3770,2028
5550,5550,3867,3951,2205
5737,5737,3871,3861,2214
5658,5658,3821,4134,2396
5494,5494,3848,3799,2140
5493,5493,3779,3780,2065
5757,5757,4171,3819,2107
5618,5618,3841,3964,2063
5509,5509,4485,3779,1975
5492,5492,3945,3815,2089
5551,5551,3886,3820,2065
5607,5607,3830,3806,2042
5491,5491,4202,3898,2126
5518,5518,4569,3937,2263
5631,5631,3812,3849,2114
5481,5481,3815,3807,2154
5564,5564,3906,3802,2151
5483,5483,3760,4144,2415
5609,5609,3661,4330,2453
5472,5472,3842,3999,2253
5452,5452,4561,3868,2074
5408,5408,3792,3799,2078
5486,5486,3894,3814,2167
5819,5819,3761,4152,2093
5426,5426,3861,3912,2166
5553,5553,3822,3802,2084
5437,5437,3984,4032,2282
5460,5460,3915,3995,2262
7117,7117,4244,3964,803
5514,5514,3607,3990,2280
5531,5531,3627,4050,2303
5526,5526,3848,3759,2016
5539,5539,4635,3807,2080
5538,5538,3593,4121,2345
5613,5613,3691,3927,2223
5506,5506,3751,3891,2130
5496,5496,3856,4089,2335
5527,5527,3793,4124,2371
5569,5569,4190,3747,2002
5659,5659,3796,4026,2116
5503,5503,3846,3859,2198
5581,5581,3770,3945,2147
5564,5564,3940,3627,2137
5934,5934,4202,3765,2135
5529,5529,4252,3933,2298
5496,5496,3922,3708,2163
5600,5600,3954,3891,2142
5510,5510,3826,3893,2137
5491,5491,3821,3895,2137
5524,5524,3829,3763,2156
5590,5590,4219,3909,2168
5580,5580,3815,4118,2399
5601,5601,3774,3804,2077
5478,5478,3736,3849,2084
5729,5729,3845,3804,1879
5630,5630,3763,3851,1969
5453,5453,4300,3832,2117
5536,5536,3870,3840,2174
5552,5552,3956,3882,2072
5576,5576,3743,3817,2031
5440,5440,3826,3951,2198
5546,5546,3861,3792,2105
5932,5932,4168,3795,2003
5592,5592,3807,3868,2102
5504,5504,3772,3816,2090
5455,5455,3638,4446,2720
5485,5485,3880,3889,2241
5490,5490,3810,3794,3499
5938,5938,4244,3863,2169
5505,5505,3789,3795,2025
5453,5453,3853,3846,2114
5659,5659,3977,3876,1976
5529,5529,3946,3850,2283
5810,5810,3814,3713,1836
5527,5527,3803,3878,2158
5562,5562,3795,3800,2138
5519,5519,3834,3920,2161
5464,5464,3797,3744,2087
5674,5674,3812,3813,2122
5470,5470,3721,4114,2381
5490,5490,4250,3888,2059
5556,5556,3808,3862,2107
5474,5474,3691,4015,2236
5491,5491,3830,3809,2082
5477,5477,4181,3847,2096
5487,5487,3794,3814,2050
5692,5692,4343,3969,2248
5623,5623,3763,3900,2028
5581,5581,3988,3784,2111
5495,5495,3830,3731,1989
5441,5441,3735,3835,2100
5528,5528,3575,4029,2250
5456,5456,4272,4088,2256
5488,5488,3856,4102,2458
5579,5579,4432,4029,2251
5498,5498,3980,3575,2174
5475,5475,3815,3842,2128
5491,5491,3840,3848,2195
5506,5506,3789,3869,2185
5463,5463,3792,3756,2020
5480,5480,4209,3906,2197
5458,5458,3906,3875,2141
5621,5621,3858,3757,2011
5609,5609,3789,4172,2338
5605,5605,3872,3784,2163
5587,5587,3845,3717,2107
5492,5492,4213,3862,2061
5620,5620,3780,3858,2161
5595,5595,3901,3974,2203
5534,5534,3881,3792,2117
5481,5481,3848,3837,2231
5608,5608,3815,3938,2195
5422,5422,4074,3872,2189
5479,5479,3898,3967,2207
5470,5470,3623,3905,2175
5481,5481,3733,3768,2023
5467,5467,3895,3750,2014
5426,5426,3903,4124,2425
5483,5483,4166,3811,2065
5609,5609,3787,3889,2000
5502,5502,3921,3819,2155
5583,5583,3780,3866,2125
5512,5512,3771,3788,2052
5495,5495,3820,3742,2013
5581,5581,3853,3882,2132
5461,5461,3854,3718,2080
5605,5605,3795,3962,2195
5503,5503,3765,3843,2108
5537,5537,4220,3800,2071
5601,5601,3810,3870,2136
5502,5502,3853,3913,2188
5495,5495,3753,4127,2365
5443,5443,3803,3875,2122
5447,5447,3832,3927,2214
5533,5533,4197,3887,2107
5631,5631,3855,3796,1938
5580,5580,3823,3857,2164
5471,5471,3854,3771,2148
5629,5629,3812,3783,2066
5525,5525,3767,3805,2082
5619,5619,4416,3862,2110
5467,5467,3852,3764,2096
5660,5660,3791,3856,2103
5492,5492,3793,3830,2064
5571,5571,3775,3848,2052
5404,5404,3797,4182,2458
5450,5450,3827,4359,2614
5544,5544,3940,3758,2144
5574,5574,4178,3825,2062
5465,5465,3872,3793,2088
5527,5527,3840,3719,2061
5677,5677,3954,4254,2368
6362,6362,3978,3843,2058
5526,5526,3830,3876,2105
5469,5469,4169,3929,2196
5509,5509,4292,3746,2113
5501,5501,4273,3898,2215
5451,5451,3812,3775,2105
5668,5668,3769,3849,2050
5495,5495,3799,3842,2113
5764,5764,4185,3803,2063
5446,5446,4208,3826,2088
5527,5527,3721,3922,2132
5510,5510,3803,3829,2099
5481,5481,3915,4017,2289
5548,5548,3770,4199,2411
5465,5465,4214,3902,2093
5638,5620,3817,5638,3763
5649,5649,4271,3904,2135
5621,5621,3743,3864,2134
5522,5522,3949,3933,2187
5947,5947,4070,4001,2293
5475,5475,3954,3995,2244
5520,5520,3823,3691,2153
5533,5533,3785,3841,2056
5470,5470,3883,3817,2059
5466,5466,3729,3936,2260
5592,5592,3745,3911,2202
5607,5607,3759,3916,2208
5581,5581,3790,4150,2389
5516,5516,4183,3834,2086
5523,5523,3845,3759,2013
5535,5535,3845,3911,2121
5613,5613,4237,3944,2033
5603,5603,3802,3823,2076
5610,5610,3828,3739,2131
5504,5504,4333,3870,2207
5691,5691,3843,3793,2051
5545,5545,3882,3905,2184
5501,5501,3867,3812,2162
5526,5526,3521,3996,2281
5470,5470,4146,3817,2052
5473,5473,4265,3791,2020
5477,5477,3831,4176,2454
5482,5482,3436,4109,2357
5598,5598,3779,3843,2083
5573,5573,3871,3762,2125
5482,5482,3805,3780,2016
5500,5500,3804,3844,2087
5621,5621,3883,3859,2030
5626,5626,3768,3796,2063
5488,5488,3848,4043,2269
5478,5478,4194,3776,2136
5495,5495,3887,3770,2047
5531,5531,3878,3894,2167
5470,5470,3839,3833,2091
5523,5523,3811,4394,2196
5497,5497,3813,3741,2294
5488,5488,4143,3768,2028
5548,5548,3902,3900,2106
5548,5548,3678,3968,2224
5481,5481,3965,3831,2086
5527,5527,3751,3927,2161
5631,5631,4117,3737,2048
5509,5509,4049,4045,2286
5574,5574,3757,3920,2073
5440,5440,3743,3809,2069
5484,5484,3874,3772,2142
5469,5469,3892,3807,2008
5476,5476,3881,3878,2116
5563,5563,4752,3964,2159
5488,5488,3823,3693,2305
5496,5496,4223,3812,2106
5483,5483,4180,3770,2164
5494,5494,4013,3540,2147
5516,5516,3769,3893,2161
5482,5482,3743,3993,2199
5488,5488,3830,3776,1997
5469,5469,4294,3800,2197
5672,5672,3924,4004,2282
5497,5497,3848,3778,2065
5670,5670,3903,3824,2241
5505,5505,3843,3850,2107
5602,5602,3687,4007,2259
5566,5566,4611,3886,2058
5513,5513,3859,3944,2168
5471,5471,3832,3930,2258
5540,5540,3898,3679,2133
5511,5511,3779,3830,2206
5420,5420,3889,3790,2081
5503,5503,4180,3825,2086
5616,5616,3843,3945,2158
5477,5477,3479,4280,2319
5484,5484,3778,3792,2101
5496,5496,3797,3849,2086
5484,5484,4190,4297,2408
5467,5467,4192,3815,2077
5648,5648,3968,3981,2082
5622,5622,3780,3836,2173
5494,5494,3828,3831,2112
5486,5486,3515,3996,2258
5563,5563,3850,3849,2108
5550,5550,3884,3974,2195
5502,5502,3828,3762,2077
5546,5546,4159,4230,2490
5576,5576,3910,3862,2136
5462,5462,4127,3779,2122
5487,5487,3794,3812,2177
5517,5517,3790,4021,2250
5484,5484,3739,4162,2419
5459,5459,3811,3834,2101
5484,5484,3822,3823,2063
5484,5484,4152,3883,2110
5711,5711,3808,3878,2035
5594,5594,3824,3946,2149
5492,5492,3807,3827,2115
5465,5465,3804,3806,2064
5448,5448,3909,3841,2098
5449,5449,4263,3992,2203
5449,5449,3825,3738,2190
5531,5531,3783,3870,2122
5623,5623,3758,3835,2212
5476,5476,3823,4072,2320
5468,5468,3796,4330,2557
5525,5525,3734,4359,2581
5481,5481,3757,3852,2135
5662,5662,4237,3780,2145
5479,5479,3795,3865,2109
5404,5404,3818,3756,2031
5607,5607,3827,4249,2381
5456,5456,3862,3879,2113
5736,5736,3839,3763,2172
5509,5509,4323,3788,2077
5465,5465,3850,3739,1995
5488,5488,3591,4023,2305
5477,5477,3897,3734,2188
5557,5557,5182,3780,2148
5450,5450,3608,4152,2448
5453,5453,4196,3766,2100
5563,5563,3837,3834,2109
5544,5544,3747,3959,2221
5499,5499,4657,3785,2056
5475,5475,3804,3840,2092
5511,5511,3813,4146,2427
5497,5497,4208,3758,2116
5637,5637,3783,3927,2003
5454,5454,3783,3801,2062
5681,5681,3835,3773,2067
5568,5568,3907,3804,2159
5549,5549,3828,3799,2056
5453,5453,3884,3907,2158
5883,5883,3895,3711,2029
5619,5619,3766,3830,2155
5491,5491,3781,3722,2070
5636,5636,3789,3823,2108
5554,5554,3809,3867,2153
5516,5516,3743,5303,3601
5589,5589,3802,4124,2397
5473,5473,4151,3869,2122
5472,5472,3875,3792,2057
5526,5526,4204,3942,2097
5709,5709,3802,3853,1946
5600,5600,4144,3818,2118
5615,5615,3878,3836,2102
5807,5807,3973,3883,2159
5604,5604,3876,3868,2101
5645,5645,4270,3889,2169
5579,5579,3874,3812,2130
5563,5563,3909,3844,2076
5526,5526,3904,3795,1995
5499,5499,3770,3833,2068
5447,5447,3753,4525,2768
5557,5557,4119,3924,2194
5497,5497,3809,3857,2149
5478,5478,3777,3857,2081
5498,5498,3827,3744,1991
5464,5464,3811,3851,2109
5615,5615,3852,3849,1961
5468,5468,4221,3801,2077
5492,5492,3795,3919,2150
5480,5480,4187,3914,2141
5597,5597,3932,3773,2050
5601,5601,3827,3924,2197
5539,5539,3549,3917,2263
5503,5503,3769,3861,2089
5453,5453,3825,4124,2389
5475,5475,4286,3796,2068
5574,5574,3568,4084,2338
5568,5568,4438,4032,2251
5582,5582,3763,3929,2241
5474,5474,3772,3882,2124
5577,5577,3811,3827,2106
5420,5420,4308,3870,2126
5740,5740,3608,4208,2302
5424,5424,3787,3788,2065
5562,5562,5482,2081,3387
5721,5721,4332,3804,2078
5438,5438,3880,3778,2061
5500,5500,4423,3848,2148
5465,5465,3894,4061,2412
5510,5510,4220,3932,2217
5448,5448,3787,3840,2106
5495,5495,3767,3816,2038
5490,5490,3760,3860,2156
5662,5662,3869,3969,2195
5439,5439,3807,3854,2106
5518,5518,4190,3787,2030
5574,5574,3756,3754,2133
5609,5609,3871,3951,2208
5738,5738,3782,4190,2293
5437,5437,3861,3848,2028
5569,5569,3736,3821,2056
5582,5582,4254,3734,2083
5673,5673,3857,3861,2108
5485,5485,3840,3928,2135
5621,5621,3823,3754,2092
5537,5537,3979,3863,2145
5594,5594,3641,3941,2222
5485,5485,4176,3753,1997
5567,5567,3924,3949,2187
5582,5582,3762,3905,2148
5505,5505,3752,3785,2066
5503,5503,3761,3796,2133
5474,5474,3796,4156,2409
5640,5640,4272,3838,2120
5707,5707,3841,3871,2013
5502,5502,3823,3895,2136
5478,5478,3826,3752,1985
5538,5538,3747,3812,2142
5473,5473,3839,3922,2217
5567,5567,3917,3860,2113
5619,5619,3832,3802,2205
5626,5626,3765,3836,2084
5568,5568,3768,3761,2041
5485,5485,4081,3792,2034
5491,5491,3759,3898,2146
5475,5475,3788,3902,2093
5466,5466,3758,4096,2398
5464,5464,3878,3814,2063
5439,5439,3849,3852,2111
5556,5556,4335,3847,2137
5647,5647,3805,3842,1978
5760,5760,3841,4015,2257
5568,5568,3790,3854,2080
5625,5625,3851,3762,2337
5610,5610,3796,3812,2107
5453,5453,4216,3894,2154
5605,5605,3847,3882,2240
5619,5619,3708,3796,2148
5563,5563,3678,3886,2176
5491,5491,3887,3809,2123
5551,5551,3738,4199,2455
5622,5622,3720,4403,2580
5603,5603,3860,3816,2143
5540,5540,4172,3810,2076
5486,5486,3824,3790,2064
5546,5546,3827,3871,2131
5759,5759,3849,4183,2271
5542,5542,3832,3823,2080
5551,5551,4363,3930,2223
5524,5524,4379,4041,2309
5502,5502,3835,3720,2106
5607,5607,3900,3893,2140
5481,5481,3845,3675,2032
5585,5585,4331,3938,2162
5499,5499,3834,3954,2220
5469,5469,4252,3862,2102
5571,5571,3776,3924,2172
5692,5692,3821,3893,2268
5580,5580,3758,3765,2166
5510,5510,3793,3787,2040
5487,5487,3799,4144,2433
5642,5642,4150,3829,2033
5788,5788,3621,4162,2230
5498,5498,3795,3859,2093
5570,5570,3137,4533,2791
5511,5511,3707,3919,2173
5436,5436,3876,3740,2107
5545,5545,3883,3941,2209
5575,5575,3820,3780,2104
5484,5484,3840,3847,2087
5476,5476,3782,3749,2118
5483,5483,3879,3785,2101
5662,5662,3823,3817,2071
5518,5518,3706,3908,2148
5500,5500,3718,4159,2423
5458,5458,3812,3928,2160
5717,5717,3915,3861,2011
5452,5452,4117,3814,2060
5573,5573,3838,3880,2047
5637,5637,3772,3831,2072
5535,5535,3719,3815,2172
5689,5689,3814,3860,2077
5500,5500,3739,3801,2096
5497,5497,4284,3880,2215
5490,5490,3855,3824,2111
5478,5478,3912,3857,2114
5451,5451,3809,3778,2043
5490,5490,3937,3735,2113
5602,5602,3791,4167,2437
5529,5529,4184,3931,2151
5505,5505,3836,3780,2053
5530,5530,3757,3868,2133
5520,5520,3763,3818,2068
5530,5530,3906,3760,2175
5608,5608,3831,3903,1994
5483,5483,3791,3981,2268
5479,5479,3770,3743,2073
5465,5465,4234,3884,2102
5473,5473,3815,3852,2137
5450,5450,4085,3876,2217
5484,5484,3945,3780,2093
5463,5463,3889,3876,2054
5444,5444,3835,3786,2299
5702,5702,4173,3919,2196
5613,5613,3781,3881,2134
5524,5524,3717,4124,2229
5462,5462,4140,3820,2139
5739,5739,3802,3828,2113
5472,5472,3790,3802,2055
5482,5482,4280,3755,2192
5612,5612,3917,3871,1994
5519,5519,3770,3880,2161
5461,5461,3757,3807,2095
5541,5541,3823,3788,2126
5495,5495,4033,3735,2099
5519,5519,4239,3833,2083
5663,5663,3902,4085,2377
5496,5496,4202,3888,2017
5495,5495,3823,3845,2085
5543,5543,3834,3940,2199
5568,5568,3796,3949,2222
5494,5494,3884,3967,2246
5687,5687,3754,3794,2056
5687,5500,5687,2674,2996
5615,5615,3865,3729,1985
5535,5535,3776,3892,2172
5614,5614,3855,3770,2179
5431,5431,3797,3826,2177
5557,5557,3822,3796,2044
5589,5589,4245,3791,2163
5480,5480,3802,3811,2067
5710,5710,3963,3875,2237
5623,5623,4205,3770,2084
5464,5464,3845,3804,2071
5681,5681,3802,3773,2043
5466,5466,4312,3826,2122
5680,5680,3896,3875,2003
5546,5546,3705,3954,2170
5462,5462,3839,3814,2081
5571,5571,4125,3864,2106
5499,5499,3797,3686,2259
5455,5455,4221,3836,2044
5591,5591,3767,3875,2074
5560,5560,3756,3972,2191
5667,5667,3578,3976,2280
5686,5686,3825,3921,1965
5448,5448,3807,3752,2022
5560,5560,3829,3879,2242
5486,5486,3834,3760,2082
5408,5408,3844,3844,2032
5455,5455,4059,3849,2097
5440,5440,4194,3770,2051
5577,5577,3763,3899,2150
5573,5573,3723,3911,2144
5571,5571,3777,4175,2444
5525,5525,3815,3814,2122
5426,5426,3833,3801,2105
5471,5471,4252,3798,2188
5648,5648,3780,3913,1989
5488,5488,3758,3860,2064
5448,5448,3743,3765,2064
5553,5553,3850,3903,2177
5449,5449,4308,3758,2116
5467,5467,4230,3939,2161
5423,5423,3817,3704,2191
5677,5677,3997,3881,2203
5476,5476,3904,3796,2135
5493,5493,3661,3988,2189
5562,5562,3782,4251,2517
5614,5614,3712,4406,2630
5543,5543,4384,3872,2081
5503,5503,4274,3931,2140
5469,5469,3877,3764,2037
5504,5504,3773,3848,2137
5680,5680,3771,4234,2311
5496,5496,3869,3846,2072
5471,5471,3781,3838,2111
5488,5488,4207,3840,2089
5497,5497,3477,4024,2268
5463,5463,3888,3858,2178
5521,5521,3724,3842,2187
5448,5448,3825,3857,2123
5495,5495,3771,3776,2133
5449,5449,4012,4281,2502
5503,5503,3824,3752,2187
5562,5562,3463,4092,2373
5568,5568,3733,3925,2191
5594,5594,3770,3885,2109
5467,5467,3664,4150,2374
5556,5556,4156,3826,2087
6000,6000,3860,3846,1996
5813,5813,3861,3920,2125
5611,5611,3777,3779,2164
5568,5568,3815,3971,2219
5559,5559,3780,3763,2052
5530,5530,3966,3922,2196
5493,5493,3868,3778,2107
5454,5454,4028,3849,2163
5570,5570,3643,3885,2129
5496,5496,3842,3942,2212
5553,5553,3831,4042,2267
5465,5465,3749,3868,2101
5422,5422,4036,4228,2460
5476,5476,3058,4574,2843
5438,5438,3757,3862,2083
5537,5537,4426,3856,2092
5649,5649,3846,3898,2001
5527,5527,3772,3784,2090
5465,5465,3790,3825,2090
5481,5481,3770,3886,2136
5518,5518,3635,4190,2425
5469,5469,4202,3924,2194
5521,5521,3624,4184,2540
5494,5494,3740,3902,2157
5563,5563,3847,3808,2120
5540,5540,3826,3829,2030
5579,5579,3825,4203,2423
5650,5650,4157,3876,2230
5616,5616,3765,3815,2051
5642,5642,3744,3913,2180
5506,5506,3817,3828,2084
5454,5454,3867,3857,2102
5653,5653,3718,3966,2093
5491,5491,3762,3831,2088
5455,5455,3649,3861,2134
5517,5517,4276,3806,2111
5594,5594,3882,3877,2067
5641,5641,3835,4006,2071
5529,5529,4004,3574,2173
5622,5622,3852,3842,2073
5464,5464,3804,4163,2390
5663,5663,4162,3827,2202
5517,5517,3857,3845,2122
5537,5537,3599,4108,2297
5616,5616,3816,3910,2137
5478,5478,3826,3797,2216
5577,5577,4231,3978,2186
5420,5420,3956,4003,2286
5668,5668,4195,3880,1993
5506,5506,3807,3774,2015
5503,5503,3801,3873,2061
5543,5543,3810,3925,2174
5522,5522,3775,3937,2210
5448,5448,4319,4024,2307
5555,5555,3860,4128,2474
5474,5474,4389,3820,2046
5489,5489,3587,3986,2268
5499,5499,3779,3821,2124
5625,5625,3766,3968,2173
5595,5595,3792,3938,2163
5632,5632,3928,3992,2288
5722,5722,4094,3879,2005
5475,5475,3736,3826,2037
5537,5537,3794,3865,2107
5799,5799,3911,3817,2238
5496,5496,3874,3857,2228
5565,5565,3766,3892,2169
5602,5602,4200,3956,2197
5429,5429,3791,3832,2093
5529,5529,3885,3863,2181
5711,5711,3896,3687,2054
5490,5490,3860,3800,2047
5439,5439,3847,3781,2044
5839,5839,4199,3796,2035
5581,5581,4029,3989,2264
5475,5475,3707,3971,2217
5468,5468,3792,3826,2080
5620,5620,3803,3790,2042
5459,5459,3998,4098,2465
5494,5494,4333,3901,2113
5616,5616,3797,3974,2099
5433,5433,3782,3879,2116
5510,5510,3824,3801,2069
5484,5484,3740,3825,2056
5480,5480,3844,3835,2091
5524,5524,3832,3954,2184
5612,5612,3850,3878,2203
5465,5465,3806,3901,2083
5551,5551,3928,3599,2109
5460,5460,4227,3992,2219
5659,5659,3734,4025,2245
5646,5646,3762,3954,2238
5675,5675,3770,4134,2420
5457,5457,3842,3904,2248
5449,5449,3780,3780,2014
5451,5451,4222,3814,2062
5656,5656,3784,3932,2047
5452,5452,3788,3834,2075
5456,5456,3807,3772,2026
5608,5608,3831,3770,2068
5485,5485,3777,4121,2379
5512,5512,4258,3928,2161
5509,5509,3926,3707,1995
5666,5666,3849,3809,2099
5499,5499,3748,3855,2126
5650,5650,3795,3808,2015
5673,5673,3825,4149,2411
5487,5487,3696,4304,2570
5541,5541,3801,3828,2091
5583,5583,3886,4177,2324
5506,5506,3595,3977,2271
5472,5472,3862,3774,2031
5630,5630,3768,3866,2203
5495,5495,3789,3836,2168
5513,5513,4082,3973,2207
5621,5621,4285,3776,2119
5537,5537,3592,3935,2188
5430,5430,3826,3988,2248
5568,5568,3831,3771,2103
5563,5563,3725,3948,2212
5717,5717,3769,3750,2131
5471,5471,4165,3828,2077
5623,5623,3827,3879,2127
5565,5565,4500,3989,2203
5463,5463,3863,3789,2094
5595,5595,3884,3827,2039
5536,5536,3799,4187,2396
5477,5477,4235,3805,2109
5709,5709,3787,3877,2000
5525,5525,3794,3825,2085
5519,5519,3652,3818,2129
5585,5585,3819,3801,2040
5438,5438,3785,3836,2050
5604,5604,3953,3834,2107
5473,5473,3928,3682,2135
5446,5446,3826,3868,2100
5563,5563,3657,3848,2101
5484,5484,3816,3800,2079
5540,5540,3794,3916,2183
5568,5568,3751,3918,2135
5471,5471,3858,4068,2340
5475,5475,3862,3956,2219
5518,5518,3894,3741,2128
5452,5452,4127,3878,2099
5666,5666,3865,3839,1987
5500,5500,3791,3803,2039
5440,5440,3814,3849,2082
5522,5522,3915,3901,2085
5716,5716,3484,4139,2419
5550,5550,4256,3849,2108
5502,5502,3894,3821,2116
5505,5505,3858,3832,2059
5672,5672,3825,3994,2262
5459,5459,3934,4036,2287
5648,5648,3805,4195,2452
5486,5486,4136,3902,2216
5686,5686,3860,3801,1925
5563,5563,3789,3802,2063
5671,5671,3800,3834,2081
5508,5508,3764,3854,2093
5597,5597,3798,3925,2049
5455,5455,3899,3795,2047
5464,5464,3838,3822,2056
5587,5587,4218,3796,2179
5460,5460,3797,3814,2048
5499,5499,3861,3912,2175
5508,5508,3875,3770,2059
5516,5516,3982,3932,2101
5452,5452,3835,4174,2383
5507,5507,4171,3988,2247
5467,5467,3818,3874,2086
5545,5545,3879,3902,2257
5496,5496,3851,4148,2614
5655,5655,3830,3810,2134
5585,5585,3770,3937,2155
5533,5533,4298,3837,2079
5664,5664,3916,4042,2103
5489,5489,3793,3774,2178
5495,5495,3843,3765,2025
5422,5422,3800,3889,2082
5469,5469,3822,3769,2122
5568,5568,4261,3890,2237
5488,5488,3937,3668,2275
5482,5482,4314,3775,1984
5523,5523,3831,3785,2063
5576,5576,3740,3792,2082
5542,5542,3960,3657,2178
5514,5514,3885,3799,2118
5529,5529,3865,3902,2162
5516,5516,4215,3835,2101
5494,5494,3876,3829,2127
5518,5518,3813,3830,2050
5615,5615,3858,4183,2291
5539,5539,3903,3807,2273
5500,5500,3521,4022,2273
5683,5683,4031,4022,2284
5447,5447,3921,3867,2129
5489,5489,3962,4092,2316
5641,5641,3998,4046,2265
5474,5474,3857,3864,2115
5457,5457,3943,4054,2286
5457,5457,4215,3734,2008
5580,5580,3837,3828,2088
5558,5558,3724,3920,2174
5437,5437,3841,3870,2125
5648,5648,3768,3819,1882
5626,5626,3802,4141,2389
5446,5446,4749,3849,2127
5609,5609,3792,3847,2002
5480,5480,3758,3855,2056
5464,5464,3810,3791,2047
5492,5492,4303,3901,3702
5483,5483,3623,3981,2275
5486,5486,3826,3922,2196
5618,5618,3863,3943,2202
5467,5467,3881,3857,2163
5461,5461,3859,3709,2099
5491,5491,4271,3830,2075
5526,5526,3825,3957,2164
5505,5505,3788,3895,2173
5459,5459,3871,4171,2444
5589,5589,3855,3780,2001
5516,5516,3803,3738,2001
5451,5451,3984,4068,2304
5610,5610,3796,3867,1983
5609,5609,3764,3797,2060
5486,5486,3883,3862,2159
5537,5537,3824,3760,2048
5462,5462,3821,3855,2124
5617,5617,4258,3816,2165
5554,5554,3823,3707,2063
5441,5441,3884,3812,2060
5607,5607,3824,3756,2023
5456,5456,3836,3828,2030
5595,5595,4007,3750,2352
5484,5484,3872,4329,2527
5468,5468,3874,3744,2150
5471,5471,4223,3927,2163
5457,5457,3757,3760,2044
5453,5453,3862,3779,2004
5763,5763,3717,4195,2304
5481,5481,3948,3866,2137
5509,5509,3620,3973,2244
5458,5458,4220,3842,2040
5534,5534,3627,4021,2275
5550,5550,3941,3865,2127
5503,5503,4198,3774,2173
5539,5539,4227,3894,2214
5471,5471,3821,3829,2081
5530,5530,4597,3862,2146
5543,5543,3636,4062,2347
5496,5496,3456,4139,2367
5521,5521,3832,3843,2088
5514,5514,3809,3834,2048
5490,5490,3800,3755,2306
5506,5506,4165,3811,2024
5671,5671,3800,3887,2005
5611,5611,3839,3890,2115
5628,5628,3806,3808,2168
5896,5896,3892,3828,2051
5494,5494,3796,3820,2089
5463,5463,3847,3893,2121
5462,5462,3838,3688,2062
5543,5543,3808,3832,2097
5471,5471,3784,3855,2128
5452,5452,3801,3774,2037
5529,5529,3756,3875,2117
5476,5476,3686,3873,2126
5458,5458,3847,4155,2417
5684,5684,3960,3849,2074
5448,5448,3786,3761,2065
5679,5679,4179,3873,2132
5707,5707,3771,3864,2027
5519,5519,3791,3827,2196
5469,5469,3823,3857,2131
5456,5456,3881,3829,2149
5558,5558,3837,3885,2159
5561,5561,4250,3949,2196
5509,5509,3853,3700,2150
5465,5465,4016,3757,2030
5608,5608,3806,3859,2125
5505,5505,3756,3822,2052
5536,5536,3789,4262,2497
5514,5514,4186,3882,2158
5592,5592,3805,3758,2027
5571,5571,3782,3902,2096
5564,5564,3821,3823,2064
5506,5506,3863,3920,2094
5648,5648,3517,4045,2188
5433,5433,3776,3742,2089
5518,5518,3765,3831,2092
5505,5505,4210,3852,2103
5532,5532,3841,3840,2118
5521,5521,3865,3931,2194
5508,5508,3849,3655,2061
5444,5444,3889,3856,2055
7268,7268,3591,4109,2404
5485,5485,4188,3771,2155
5618,5618,3948,3928,2214
5637,5637,3552,4151,2337
5463,5463,3480,4192,2448
5531,5531,3787,3798,2188
5687,5687,3787,3814,2164
5538,5538,4188,3854,2068
5812,5812,3803,3824,1930
5442,5442,3770,3895,2163
5572,5572,3944,3787,2143
5486,5486,3683,3914,2164
5470,5470,3773,3849,2108
5507,5507,4332,3875,2242
5521,5521,3866,4204,2567
6337,5457,4040,6337,4677
5544,5544,4253,3786,2015
5515,5515,3786,3853,2079
5818,5818,3605,4041,2334
5527,5527,3803,3939,2153
5517,5517,3538,4143,2448
5482,5482,4238,3873,2076
5622,5622,3818,4040,2284
5686,5686,3859,3928,2207
5860,5860,3773,4359,2492
5524,5524,3849,3904,2135
5528,5528,3791,3919,2157
5541,5541,4212,3778,2055
5454,5454,3785,3825,2092
5493,5493,3822,3912,2136
5445,5445,3862,3717,2076
5424,5424,3859,3801,2152
5447,5447,3857,3774,2105
5605,5605,4246,3785,2046
5615,5615,3829,3965,2214
5758,5758,3751,3995,2249
5874,5874,3788,3811,2097
5501,5501,3785,3796,2056
5583,5583,3923,3856,2276
5592,5592,4167,3842,2094
5689,5689,3764,3850,2042
5615,5615,3853,3814,2193
5589,5589,3780,3845,2082
5452,5452,3756,3818,2109
5493,5493,3804,3748,2044
5487,5487,3836,3862,2229
5433,5433,3874,4086,2533
5583,5583,3783,3905,2082
5440,5440,3858,3777,2099
5467,5467,4146,3905,2102
5544,5544,3913,3977,2214
5665,5665,3674,3987,2238
5582,5582,3895,4121,2364
5587,5587,3716,3906,2169
5461,5461,3766,4019,2255
5617,5617,4252,3851,2093
5755,5755,3796,3886,1943
5661,5661,3928,3636,2154
5567,5567,3780,3843,2121
5486,5486,3750,3982,2199
5484,5484,3960,3844,2071
5588,5588,4280,3888,2266
5602,5602,3847,3709,2138
5526,5526,3794,3911,2220
5595,5595,3759,3894,2153
5472,5472,3919,3972,2199
5494,5494,3814,4186,2460
5575,5575,3672,4500,2688
5445,5445,3888,3687,2156
5484,5484,4191,3840,2090
5527,5527,3972,3834,2194
5486,5486,3798,3808,2033
5762,5762,3525,4279,2258
5463,5463,3816,3828,2063
5510,5510,3492,4168,2417
5696,5696,4190,3799,1961
5540,5540,3815,3748,2060
5615,5615,3859,3923,2167
5492,5492,3820,3764,2077
5437,5437,3810,3755,2096
5528,5528,3870,3794,2003
5502,5502,4191,3895,2120
5492,5492,3690,4077,2355
5567,5567,3722,3878,2152
5500,5500,4180,3854,2063
5514,5514,3764,3812,2023
5476,5476,3801,4132,2397
5711,5711,4211,3795,2128
5653,5653,3812,3940,2038
5547,5547,3651,3984,2197
5628,5628,3851,3789,2138
5560,5560,3917,3913,2199
6226,6226,4166,3847,2119
5851,5851,4217,3993,2209
5492,5492,3884,3717,2113
5504,5504,3744,3824,2042
5516,5516,3851,3854,2124
5539,5539,3742,3835,2061
5627,5627,3844,3906,2128
5658,5658,4138,3985,2225
5494,5494,3762,4123,2416
5571,5571,3760,3774,2049
5454,5454,3760,3819,2144
5475,5475,3484,4075,2268
5650,5650,3859,3872,2014
5484,5484,4198,3810,2075
5535,5535,3638,3877,2110
5491,5491,3876,3918,2097
5474,5474,3817,3807,2056
5588,5588,3885,3853,2191
5623,5623,3993,3767,2068
5447,5447,4240,3745,2134
5518,5518,3812,3832,2065
5497,5497,4305,3897,2140
5619,5619,3845,3744,2429
5457,5457,3727,4128,2377
5795,5795,3890,3841,2106
5941,5941,4118,3785,2069
5469,5469,3775,3762,2022
5545,5545,3823,3832,2043
5718,5718,3812,3855,1950
5489,5489,3801,3884,2144
5567,5567,3817,3769,2004
5519,5519,3787,3825,2007
5490,5490,3808,3800,2000
5503,5503,3911,3884,2084
5492,5492,3821,3789,2124
5484,5484,3790,3858,2077
5493,5493,3676,4270,2500
5510,5510,4180,3836,2080
5747,5747,3980,3616,2224
5504,5504,3678,3958,2198
5418,5418,3850,3882,2109
5537,5537,3810,3831,2161
5453,5453,3820,3698,1993
5504,5504,4198,3844,2119
5672,5672,3813,3951,2057
5485,5485,4214,3857,2082
5692,5692,3735,3876,2104
6872,6872,3741,3870,2117
5520,5520,3776,3743,2094
5484,5484,4306,3909,2244
5448,5448,3845,4082,2405
5504,5504,4217,3848,2038
5462,5462,3802,3796,2057
5488,5488,3776,3900,2140
5553,5553,4382,3904,2170
5492,5492,3698,3976,2158
5536,5536,3770,3786,2056
5515,5515,4165,3807,2081
5524,5524,3853,3745,2111
5601,5601,3826,3879,2109
5640,5640,3880,3844,2267
5498,5498,3771,3912,2119
5607,5607,3537,4034,2284
5562,5562,4211,3818,2036
5500,5500,3749,3954,2184
5452,5452,3870,3980,2201
5482,5482,3616,3950,2261
5498,5498,4228,3885,2078
5577,5577,3610,3981,2287
5571,5571,4160,3883,2111
5598,5598,3869,3921,2166
5455,5455,3903,3798,2240
5591,5591,3841,3886,2157
5590,5590,3854,3812,2196
5471,5471,3776,3754,2292
5473,5473,4319,3869,2062
5739,5739,3801,3906,2026
5470,5470,3799,3765,2037
5462,5462,3786,3795,2065
5505,5505,3751,3827,2074
5489,5489,3825,3865,2109
5479,5479,3848,3886,2292
5472,5472,4233,3782,2081
5417,5417,3798,3849,2096
5510,5510,3504,4078,2317
5489,5489,4263,3861,2077
5552,5552,3871,3967,2207
5494,5494,3713,3902,2144
5473,5473,3770,4160,2428
5682,5682,3785,4016,2258
5568,5568,3823,3866,2092
5466,5466,4198,3784,2068
5778,5778,3560,4075,2211
5440,5440,3765,3805,2058
5478,5478,3748,3844,2096
5480,5480,3790,3780,2058
5549,5549,3783,3789,2116
5680,5680,4289,3963,2233
5474,5474,3937,3690,2151
5560,5560,3780,3768,2044
5528,5528,3784,3819,2046
5475,5475,3774,3802,2043
5464,5464,3935,3755,2363
5648,5648,3754,4300,2649
5575,5575,3923,3689,2164
5563,5563,4302,3911,2161
5499,5499,3929,3795,2137
5493,5493,3794,3880,2159
5773,5773,3779,3924,2163
5477,5477,3786,3823,2071
5494,5494,3773,3794,2143
5452,5452,4279,3763,2047
5534,5534,4169,3860,2138
5545,5545,3800,3940,2171
5589,5589,3514,3984,2314
5445,5445,4211,3851,2083
5428,5428,3808,3819,2070
5480,5480,4425,3829,2072
5519,5519,3961,3988,2216
5538,5538,3704,3873,2161
5513,5513,3810,3816,2094
5521,5521,3842,3785,1984
5472,5472,3779,4123,2362
5475,5475,4244,3870,2099
5703,5703,3824,3921,2055
5554,5554,3814,3821,2025
5529,5529,3778,3783,2124
5612,5612,3839,3861,2117
5477,5477,3877,3878,2117
5520,5520,4028,3898,2171
5627,5627,3883,3766,2091
5593,5593,3790,3847,2069
5501,5501,3782,3796,2070
5551,5551,3778,3842,2030
5475,5475,3867,3837,2121
5566,5566,3775,4003,2243
5475,5475,3812,4097,2430
5511,5511,3920,3835,2117
5592,5592,3941,3868,2143
5496,5496,4273,3871,2075
5672,5672,3770,3885,1992
5560,5560,3863,3906,2115
5461,5461,3758,3843,2126
5499,5499,3837,3881,2117
5491,5491,3571,4065,2355
5501,5501,4214,3958,2208
5615,5615,3885,3816,2166
5517,5517,3835,3829,2104
5520,5520,3733,3892,2122
5514,5514,3843,3810,2066
5452,5452,3893,4211,2495
5512,5512,4143,3923,2139
5510,5510,3800,4011,2208
5523,5523,3936,3790,2209
5480,5480,3905,3751,2095
5748,5748,3836,3766,2151
5859,5859,3839,3802,1901
5474,5474,3847,3888,2124
5484,5484,3842,3732,2091
5497,5497,4297,3785,2142
5455,5455,3763,3867,2132
5510,5510,3819,3971,2155
5596,5596,3875,3765,2069
5478,5478,3779,3842,2076
5450,5450,3808,4148,2425
5485,5485,4772,3821,2084
5573,5573,4050,3756,2177
5596,5596,4520,4112,2368
5437,5437,3887,3756,2110
5543,5543,3814,3845,2169
5497,5497,3735,3917,2109
5469,5469,4200,3905,2102
5768,5768,3816,3883,2001
5496,5496,3883,3859,2117
5483,5483,3765,3843,2075
5558,5558,3834,3874,2112
5616,5616,3784,3929,2187
5644,5644,4293,4185,2118
5629,5629,3821,4195,2532
5443,5443,4214,3836,2098
5463,5463,3686,3867,2124
5485,5485,3904,3907,2155
5554,5554,3605,4199,2431
5516,5516,3774,3907,2092
5448,5448,3842,3856,2150
5571,5571,4201,3912,2207
5523,5523,3775,3865,2124
5472,5472,3967,3770,2142
5613,5613,3767,4240,2319
5532,5532,3780,3831,2076
5577,5577,3614,4129,2391
5698,5698,4452,3829,2046
5582,5582,3738,3763,2017
5461,5461,3836,3924,2176
5529,5529,3827,3763,2093
5447,5447,3858,3790,2056
5462,5462,3837,3754,2037
5457,5457,4214,3792,2070
5457,5457,3826,4039,2288
5492,5492,3843,3923,2190
5536,5536,3781,3858,2121
5591,5591,3784,3852,2114
5585,5585,3885,4157,2409
5774,5774,4228,3883,2109
5705,5705,3912,3960,2030
5558,5558,3853,3918,2249
5431,5431,3977,3826,2130
5467,5467,3785,3849,2037
5550,5550,3838,3912,2174
5534,5534,3840,3848,2119
5597,5597,3910,3759,2203
5435,5435,3811,3775,2013
5468,5468,3770,3948,2218
5503,5503,4220,3887,2135
5467,5467,3998,3995,2216
5627,5627,3851,3899,2161
5542,5542,3802,4129,2397
5490,5490,3909,3760,2047
5627,5627,3849,3765,2034
5479,5479,4193,3846,2099
5679,5679,3893,3820,2083
5511,5511,3976,3967,2139
5544,5544,3861,3797,2050
5469,5469,3894,3812,2122
5500,5500,3808,3847,2111
5465,5465,4274,3871,2116
5514,5514,3846,3711,1988
5516,5516,3843,3697,2113
5595,5595,3793,3849,2085
5607,5607,3939,3801,2072
5501,5501,3822,4388,2606
5510,5510,3739,4510,2802
5499,5499,3795,3881,2103
5543,5543,4168,3870,2113
5582,5582,3807,3871,2105
5505,5505,3795,3930,2190
5635,5635,3490,4266,2398
5492,5492,3813,3967,2247
5458,5458,3883,3763,2044
5453,5453,4308,3827,2178
5647,5647,4256,5075,2110
5459,5459,3902,3844,2227
5467,5467,3853,3696,2044
5452,5452,3913,3795,2012
5487,5487,3865,3781,2042
5478,5478,3930,4009,2396
5555,5555,3863,3916,2184
5546,5546,3708,3861,2105
5670,5670,3814,3750,2043
5513,5513,3772,3812,2099
5481,5481,3856,4371,2648
5493,5493,4187,3785,2045
5645,5645,3885,3924,2048
5491,5491,3755,3890,2138
5432,5432,3798,3746,2032
5619,5619,3795,3858,2115
5490,5490,3791,3757,2030
5708,5708,3868,3824,2067
5525,5525,3804,3818,2150
5527,5527,3780,3773,2101
5431,5431,3870,3787,2044
5463,5463,3733,3952,2233
5506,5506,3894,3915,2161
5678,5678,3796,3911,2141
5431,5431,3751,4159,2407
5514,5514,4181,3805,2082
5663,5663,3787,3784,2038
5509,5509,4266,3887,2132
5754,5754,3809,3922,2033
5489,5489,3837,3821,2067
5448,5448,3697,3799,2034
5491,5491,3801,3863,2153
5520,5520,3574,4035,2304
5455,5455,4246,3948,2237
5559,5559,3851,3700,2170
5561,5561,3740,3778,2030
5509,5509,3791,3829,2052
5460,5460,3833,3846,2132
5446,5446,3926,4188,2460
5491,5491,4122,3906,2165
5512,5512,3831,3904,2123
5523,5523,3776,3981,2239
5594,5594,3824,3863,2147
5915,5915,3823,3830,2172
5647,5647,3817,3829,1976
5473,5473,3928,3814,2064
5530,5530,3859,3800,2119
5491,5491,4210,3795,2062
5481,5481,3803,3838,2076
5457,5457,3825,3899,2156
5483,5483,3922,3781,2127
5397,5397,3942,3808,2074
5550,5550,3857,4358,2549
5491,5491,4210,3794,2066
5491,5491,3865,3950,2206
5602,5602,3708,3888,2134
5479,5479,3828,3735,2042
5602,5602,3759,3872,2167
5493,5493,3781,3825,2110
5593,5593,4351,3858,2145
5726,5726,3758,3847,2010
5494,5494,4145,3904,2144
5541,5541,3758,3781,2088
5568,5568,3913,3849,2093
5490,5490,3832,3796,2071
5631,5631,4271,3899,2188
5473,5473,3834,3743,2379
5458,5458,4211,3881,2127
5482,5482,3891,3884,2117
5509,5509,3772,3794,2058
5472,5472,3757,3931,2141
5661,5661,3753,4008,2197
5519,5519,3770,3782,2055
5479,5479,4315,3773,2075
5476,5476,4015,3760,2128
5529,5529,3818,3889,2105
5694,5694,3926,4183,2293
5459,5459,3798,3798,2150
5473,5473,3884,3745,2033
5557,5557,4259,3859,2032
5457,5457,3792,3785,2061
5483,5483,2817,4966,3213
5510,5510,3810,4094,2418
5560,5560,3786,3797,2046
5483,5483,3638,3965,2271
5552,5552,4220,3837,2056
5475,5475,3808,3838,2125
5542,5542,3721,3968,2265
5452,5452,3775,3817,2091
5474,5474,3849,3791,2057
5505,5505,3870,4163,2463
5455,5455,4323,3836,2206
5670,5670,4224,3909,1969
5516,5516,4188,3801,2057
5453,5453,3840,3860,2101
5722,5722,3921,3829,2097
5526,5526,3767,3861,2077
5546,5546,3877,3872,2137
5513,5513,3829,3782,2218
5460,5460,3781,3826,2114
5601,5601,3814,3774,2031
5505,5505,4189,3770,2123
5570,5570,3845,3807,2095
5479,5479,3742,3946,2175
5510,5510,3823,4165,2416
5493,5493,3829,3814,2059
5621,5621,3801,3846,2080
5479,5479,4194,3926,2193
5615,5615,3826,3859,2101
5508,5508,3743,3886,2098
5449,5449,3784,3830,2055
5647,5647,3847,3851,2134
5439,5439,3845,3776,2034
5526,5526,4357,3914,2140
5620,5620,3859,3723,2077
5555,5555,3766,3823,2042
5646,5646,3794,3750,2005
5626,5626,3787,3834,2051
5486,5486,3817,4184,2458
5546,5546,3745,4380,2638
5511,5511,3833,3751,2063
5491,5491,4351,3858,2093
5565,5565,3749,3917,2136
5490,5490,3845,3798,2060
5768,5768,3731,4156,2225
5587,5587,3843,3781,2124
5538,5538,3809,3898,2167
5603,5603,4240,3883,2137
5483,5483,3581,4040,2264
5510,5510,3840,3885,2135
5437,5437,3907,3708,2188
5501,5501,3770,3938,2097
5435,5435,3565,4076,2344
5468,5468,4332,3827,2140
5511,5511,3794,3913,2211
5485,5485,3729,3869,2134
5555,5555,3797,3831,2115
5539,5539,3994,3770,2065
5512,5512,3762,4185,2481
5709,5709,4211,3828,2199
5626,5626,3915,3890,2071
5460,5460,3923,3785,2033
5526,5526,3830,3807,2067
5592,5592,3828,3780,2055
5532,5532,3794,4142,2216
5508,5508,3902,4060,2237
5475,5475,3866,3721,2094
5700,5700,3827,3823,2098
5557,5557,3877,3746,2121
5491,5491,3794,3761,2090
5499,5499,3740,3884,2121
5489,5489,3794,3871,2255
5568,5568,3783,4112,2378
5699,5699,3854,3798,2039
5463,5463,3767,3881,2104
5448,5448,4168,3873,2132
5732,5732,3804,3842,1946
5523,5523,3912,3835,2203
5431,5431,3788,3783,2046
5544,5544,3840,3867,2121
5743,5743,3723,3820,2070
5547,5547,4262,3851,2180
5434,5434,3632,3918,2263
5432,5432,3767,3880,2139
5590,5590,3866,3733,2140
5552,5552,3630,3990,2184
5539,5539,3781,4281,2497
5460,5460,4982,3919,2204
5499,5499,3800,3903,2123
5587,5587,3831,3925,2076
5574,5574,3859,3780,2005
5449,5449,3758,3990,2219
5608,5608,3843,3960,2036
5498,5498,3804,3809,2073
5484,5484,3770,3918,2138
5689,5689,4298,3786,2038
5467,5467,3507,4221,2500
5518,5518,3859,3833,2194
5497,5497,3838,3763,2079
5510,5510,3929,3785,2120
5584,5584,3811,4141,2389
5472,5472,4560,3829,2129
5658,5658,3931,3931,2201
5466,5466,3627,3954,2156
5484,5484,3829,3732,2109
5580,5580,3894,3898,2128
5795,5795,3832,3805,2028
5518,5518,4238,3797,2051
5651,5651,3798,3936,1999
5462,5462,3686,4182,2464
5458,5458,3803,3740,2038
5818,5818,3550,4051,2347
5426,5426,3526,4082,2355
5466,5466,4188,3910,2216
5523,5523,4247,4126,2459
5428,5428,4229,4016,2275
5682,5682,3562,3988,2213
5471,5471,3828,3772,2071
5520,5520,3797,3733,2173
5667,5667,3823,3890,2158
5649,5649,3820,3799,2048
5423,5423,4248,3804,2039
5507,5507,3791,3849,2136
5591,5591,3786,3849,2026
5679,5679,3833,4201,2333
5558,5558,3844,3897,2111
5498,5498,3782,3825,2096
5759,5759,4258,3835,2228
5510,5510,3669,3887,2063
5471,5471,3852,3962,2245
5471,5471,3861,3784,2145
5446,5446,3825,3861,2166
5653,5653,3836,3780,2025
5478,5478,4307,3894,2157
5546,5546,3892,3906,2158
5598,5598,3763,3902,2170
5585,5585,3741,3792,2109
5550,5550,4039,3764,2150
5556,5556,3822,3773,2329
5524,5524,4191,3804,2053
5696,5696,3354,4479,2605
5663,5663,3886,3894,2158
5416,5416,3886,3734,2018
5514,5514,3778,3780,2035
5481,5481,3768,3768,2041
5582,5582,3869,3897,2159
5482,5482,3874,3760,2066
5417,5417,3864,3786,2081
5533,5533,3788,3818,2070
5668,5668,4146,3793,2031
5421,5421,3823,3750,2186
5672,5672,3962,3928,2189
5525,5525,3823,4129,2409
5515,5515,3863,3817,2076
5431,5431,3759,3754,2041
5484,5484,4166,3831,2060
5710,5710,3833,3954,2044
5504,5504,3810,3859,2151
5457,5457,3787,3743,2016
5652,5652,3804,3863,2047
5459,5459,3765,3822,2110
5509,5509,4304,3849,2192
5592,5592,4010,3845,2194
5607,5607,3856,3893,2152
5579,5579,3810,3782,2015
5458,5458,3837,3890,2135
5457,5457,3783,4183,2425
5454,5454,3752,4303,2550
5474,5474,3806,3894,2154
5532,5532,4249,3805,2164
5540,5540,4189,3833,2080
5553,5553,3797,3886,2098
5753,5753,3724,4211,2307
5494,5494,4257,3976,2243
5578,5578,3773,3785,2011
5489,5489,4131,3845,2068
5518,5518,3831,3884,2158
5539,5539,3862,3909,2173
5448,5448,3791,3769,2093
5556,5556,3827,3898,2183
5634,5634,4214,3733,2146
5490,5490,4198,3850,2059
5579,5579,3802,3843,2123
5467,5467,3748,3914,2175
5513,5513,3770,3798,2086
5458,5458,3820,3802,2044
5470,5470,3727,3738,2352
5494,5494,4138,3829,2100
5666,5666,3783,3919,2018
5449,5449,3794,4073,2306
5482,5482,3875,3792,2139
5547,5547,3750,3845,2095
5571,5571,3825,3799,2067
5482,5482,3849,3905,2188
5461,5461,3834,3781,2098
5532,5532,3777,3848,2084
5490,5490,3717,3790,2079
5455,5455,3771,3796,2115
5487,5487,3810,3815,2063
5478,5478,4363,3439,2314
5496,5496,3823,4139,2399
5469,5469,3874,3834,2075
5493,5493,3738,3779,2034
5467,5467,4209,3794,2044
5841,5841,3750,3863,1963
5464,5464,3766,3799,2069
5481,5481,3954,3775,2043
5568,5568,3936,3785,2073
5488,5488,3818,3772,2031
5476,5476,4281,3934,2191
5504,5504,3857,3709,2146
5566,5566,3813,3730,2013
5568,5568,3916,3650,2107
5557,5557,3803,3795,2060
5551,5551,4019,4220,2478
5459,5459,4192,3987,2119
5508,5508,3639,3882,2159
5465,5465,3834,3849,2051
5486,5486,3811,3774,2049
5429,5429,3700,3899,2063
5618,5618,3642,3925,2048
5541,5541,3715,3849,2085
5504,5504,3772,3838,2106
5556,5556,4535,3589,2106
5516,5516,3782,4034,2108
5551,5551,3850,3864,2104
5727,5727,3957,3717,2179
5471,5471,3720,3914,2144
5612,5612,3823,4175,2394
5445,5445,4227,3809,2080
5486,5486,3785,3890,2152
5649,5649,3721,3930,2060
5524,5524,3796,3804,2045
5475,5475,3888,3886,2070
5457,5457,4182,3828,2105
5456,5456,4265,3917,2114
5642,5642,3956,3779,2029
5490,5490,3804,3799,2030
5544,5544,3717,3807,2063
5577,5577,3812,3839,2091
5549,5549,3794,3910,2151
5573,5573,4266,3954,2190
5487,5487,3900,4084,2397
5517,5517,4171,3820,2110
5448,5448,3795,3764,2152
5463,5463,3764,3810,2054
5555,5555,3758,3871,2158
5546,5546,3524,4056,2303
5503,5503,3779,3815,2086
5629,5629,4356,3779,2188
5632,5632,3767,3821,2188
5584,5584,3909,3719,2152
5688,5688,3778,4184,2260
5445,5445,3917,3844,2050
5479,5479,4206,3746,1974
5502,5502,4211,3774,2046
5817,5817,3526,4074,2320
5565,5565,3853,3834,2180
5582,5582,3990,3838,2167
5461,5461,3579,4140,2404
5546,5546,3873,3871,2125
5668,5668,4216,3859,2064
5661,5661,3821,3761,2158
5506,5506,4447,3937,2175
5488,5488,3561,3991,2252
5647,5647,3950,3923,2188
5455,5455,3790,4180,2410
5556,5556,4187,3781,2125
5729,5729,3811,4017,2145
5563,5563,3809,3829,2071
5613,5613,3798,3836,2112
5651,5651,3766,3839,2141
5498,5498,3728,3781,2079
5516,5516,3850,3926,2199
5523,5523,3840,3695,2141
5654,5654,3803,3796,1912
5473,5473,3811,3779,2060
5533,5533,3864,4064,2339
5510,5510,3747,3886,2201
5489,5489,3069,4630,2867
5550,5550,3840,4233,2462
5452,5452,3913,3831,2176
5469,5469,3909,3884,2116
5830,5830,4484,3967,2332
5628,5628,3876,3960,2052
5558,5558,3764,3820,2089
5615,5615,3811,4017,2296
5654,5654,3976,3869,2038
5420,5420,3912,3849,2124
5427,5427,4284,3975,2263
5480,5480,3890,3664,2128
5477,5477,3758,3788,2051
5635,5635,3873,3746,2138
5510,5510,3828,3886,2112
5449,5449,3888,4232,2480
5513,5513,3740,4205,2580
5472,5472,3825,4043,2306
5429,5429,4265,3881,2074
6884,6884,3954,3818,680
5532,5532,3506,4056,2323
5829,5829,3775,4244,2385
5451,5451,3838,3809,2063
5483,5483,3832,3807,2119
5481,5481,4365,3976,2273
5434,5434,4060,4127,2389
5479,5479,3825,3931,2224
5484,5484,3898,3750,2071
5497,5497,3808,3823,2056
5481,5481,3852,3771,2017
5530,5530,4229,3872,2093
5589,5589,3812,3921,2160
5476,5476,3694,3919,2184
5656,5656,3770,3889,2144
5490,5490,3860,3891,2110
5502,5502,3835,4107,2379
5567,5567,4114,3952,2200
5665,5665,3894,3840,2091
5464,5464,3849,3916,2166
5573,5573,3809,3832,2199
5641,5641,3828,3864,2114
5438,5438,3844,3749,2060
5510,5510,3998,3867,2254
5547,5547,3933,3705,2208
5461,5461,3835,3917,2152
5438,5438,3781,3759,2046
5487,5487,3801,3785,2058
5544,5544,3805,3915,2169
5471,5471,3755,3931,2223
5439,5439,3805,4150,2416
5647,5647,3892,3797,2151
5498,5498,3785,3861,2143
5477,5477,4199,3927,2150
5591,5591,3751,3842,1942
5532,5532,3790,3811,2098
5488,5488,3774,3778,2078
5559,5559,3896,3921,2118
5494,5494,3786,3792,2047
5555,5555,4323,3908,2131
5575,5575,3857,3762,2162
5504,5504,3773,3782,2181
5450,5450,4008,3745,2123
5536,5536,3798,3827,2090
5530,5530,3846,4222,2474
5502,5502,3873,4135,2437
5510,5510,3749,3778,2056
5708,5708,4061,3807,1888
5680,5680,3824,3769,2045
5518,5518,3767,4001,2224
5576,5576,3779,3911,2023
6042,6042,3827,3811,2056
5462,5462,3793,3753,2044
5500,5500,4140,3854,2109
5574,5574,3705,4000,2279
5490,5490,3902,3900,2154
5482,5482,3587,4143,2470
5621,5621,3824,3849,2188
5493,5493,3795,3764,2349
5529,5529,4253,3866,2078
5590,5590,4175,3891,2178
5567,5567,3845,3986,2208
5469,5469,3793,3782,2063
5475,5475,3923,3806,2135
5447,5447,3590,4029,2326
5827,5827,4324,4168,2406
5812,5812,3904,3981,2139
5543,5543,3806,3868,2082
5419,5419,3829,3819,2039
5571,5571,3882,3771,2039
5465,5465,3560,4029,2321
5511,5511,4702,3849,2187
5457,5457,3758,4032,2391
5572,5572,4228,3797,2175
5490,5490,4152,3895,2128
5479,5479,3951,3885,2204
5466,5466,3799,3994,2268
5495,5495,3712,3954,2157
5630,5630,3871,3803,2065
5572,5572,4241,3870,2154
5475,5475,3795,3797,2050
5463,5463,3805,3840,2097
5696,5696,3749,4222,2332
5575,5575,3831,3837,2106
5502,5502,3834,3796,2082
5509,5509,4330,3874,2263
5644,5644,3823,3954,2214
5457,5457,3883,3888,2149
5718,5718,3900,3706,2052
5617,5617,3827,3860,2108
5573,5573,3781,3894,2154
5463,5463,4228,3878,2113
5495,5495,3819,3926,2205
5528,5528,3844,3901,2243
5452,5452,3811,3780,2042
5514,5514,3855,3789,2155
5507,5507,3941,3751,2322
5509,5509,4256,3764,2116
5639,5639,3806,3868,1959
5497,5497,3826,3810,2035
5522,5522,3856,3880,2170
5589,5589,3765,3840,2071
5718,5718,3838,4032,2270
5525,5525,3863,3972,2243
5455,5455,3715,3855,2192
5475,5475,3841,3828,2144
5579,5579,3773,4023,2162
5442,5442,4157,3903,2109
5436,5436,3867,3869,2147
5703,5703,3769,3962,2214
5839,5839,3755,4151,2410
5489,5489,3965,3710,2188
5487,5487,3945,3881,2170
5479,5479,4195,3873,2147
5678,5678,3807,3968,2179
5405,5405,3759,3950,2184
5581,5581,3871,3828,2109
5646,5646,3782,3876,2122
5481,5481,3830,3827,2107
5972,5488,5972,3852,2119
5744,5744,3856,3748,2059
5455,5455,3873,3794,2165
5585,5585,3846,3834,2233
5558,5558,3774,3902,2197
5695,5695,4838,4274,2472
5533,5533,3824,4323,2545
5533,5533,3796,3750,2131
5458,5458,4163,3952,2179
5487,5487,3890,3791,2161
5576,5576,3809,3852,2050
5816,5816,3863,4188,2279
5496,5496,3580,4068,2310
5510,5510,3825,4165,2394
5432,5432,4221,3840,2218
5677,5677,3661,4001,2278
5462,5462,3862,3850,2225
5614,5614,3890,3755,2128
5498,5498,3891,3775,2103
5466,5466,3768,3864,2145
6603,6603,4180,3863,996
5504,5504,3829,3821,2098
5515,5515,3902,3851,2136
5469,5469,3813,3794,2089
5488,5488,3800,4018,2265
5536,5536,3746,3847,2308
5488,5488,4194,3806,2073
5705,5705,3806,3973,2122
6070,6070,3874,4083,2303
5488,5488,3810,3805,2059
5963,5963,3907,3828,2081
5440,5440,3732,3794,2042
5823,5823,3837,3977,2179
5485,5485,3878,3775,2136
5561,5561,3814,3938,2124
5542,5542,3828,3753,1893
5516,5516,3765,3786,2079
5659,5659,3767,3981,2238
5494,5494,3849,3926,2265
5481,5481,3613,4149,2390
5492,5492,3845,3894,2124
5509,5509,3847,3809,2175
5438,5438,4215,3852,2099
5777,5777,3794,3921,2096
5544,5544,3782,4126,2318
5449,5449,3950,3785,2104
5541,5541,3943,3856,2087
5469,5469,3796,3776,2129
5496,5496,4390,3916,2181
5506,5506,3739,3841,2179
5416,5416,4227,3855,2082
5482,5482,3784,3834,2095
5857,5857,3881,3810,2039
5443,5443,3777,4180,2438
5643,5643,4208,3897,2154
5570,5570,3809,3787,2043
5478,5478,3829,3858,2092
5464,5464,3865,3695,1999
5495,5495,3880,3833,2169
5644,5644,3825,3935,1991
5525,5525,3790,3911,2155
5532,5532,3869,3762,1979
5568,5568,4305,3879,2085
5457,5457,3739,3815,2096
5586,5586,3861,3856,2145
5617,5617,3824,3773,2117
5482,5482,3788,3814,2075
5475,5475,3921,3730,2281
5495,5495,4210,3821,2058
5472,5472,3845,3784,2267
5509,5509,3700,4018,2159
5454,5454,3783,3822,2106
5678,5678,3922,3764,2076
5535,5535,3796,3847,2078
5579,5579,4234,3942,2179
5706,5706,3774,3923,2026
5690,5690,3926,3843,2117
5531,5531,3978,3868,2154
5633,5633,3790,3979,2210
5625,5625,3767,3738,2070
5569,5569,4208,3991,2276
5449,5449,3866,4008,2359
5449,5449,4174,3879,2124
5695,5695,3822,3729,2076
5509,5509,4202,3848,2096
5467,5467,3767,3931,2148
5443,5443,3556,4082,2405
5492,5492,3779,3855,2102
5405,5405,4237,3859,2070
5501,5501,3706,3971,2295
5856,5856,3666,4055,2350
5656,5656,3862,3799,2179
5578,5578,3822,3937,2188
5532,5532,3854,3791,2060
5435,5435,3913,4187,2423
5439,5439,3963,3823,2061
5488,5488,3802,3892,2137
5503,5503,3859,3711,2044
5731,5731,4144,3875,2149
5439,5439,3796,3850,2146
5485,5485,3972,4071,2288
5517,5517,3626,3981,2237
5561,5561,3739,3892,2169
5602,5602,3776,3802,2057
5504,5504,3851,3788,2004
5472,5472,3837,4237,2513
5543,5543,4319,3877,2105
5628,5628,3820,3878,1972
5529,5529,3841,3940,2217
5511,5511,3894,3806,2079
5581,5581,3888,3888,2169
5631,5631,3781,3798,2076
5510,5510,3863,3872,2258
5530,5530,3843,3720,2150
5458,5458,3804,3823,2058
5511,5511,3762,3896,2122
5564,5564,4367,3837,2124
5480,5480,3816,3913,2172
5471,5471,3669,3879,2128
5510,5510,3769,4158,2430
5411,5411,3806,3823,2101
5450,5450,3785,3785,2022
5473,5473,4210,3917,2201
5591,5591,3780,3880,2003
5496,5496,3751,3950,2175
5465,5465,3756,3816,2054
5611,5611,3778,3866,2124
5486,5486,3744,3801,2046
5498,5498,4293,3934,2157
5501,5501,3847,3724,2041
5501,5501,3785,3878,2088
5494,5494,3862,3809,2042
5538,5538,3770,3918,2129
5586,5586,3824,4170,2405
5484,5484,3743,4367,2635
5581,5581,3512,4060,2300
5577,5577,4237,3872,2218
5494,5494,3780,3851,2142
5490,5490,3873,3856,2111
5678,5678,3571,4155,2256
5502,5502,3514,4074,2346
5506,5506,3797,3791,2145
5593,5593,4239,3849,2039
5466,5466,3800,3792,2057
6883,6883,3849,3973,2262
5502,5502,3876,3723,2165
5506,5506,3813,3903,2160
5586,5586,3875,3771,2053
5476,5476,4188,3804,2037
5510,5510,3730,3875,2127
5561,5561,3825,3858,2143
5781,5781,3791,3800,2162
5509,5509,3931,3882,2132
5549,5549,3786,4123,2434
5556,5556,4185,3799,2054
5629,5629,3787,3814,1935
5496,5496,3830,3825,2011
5550,5550,3782,3757,2087
5668,5668,3938,3823,2146
5455,5455,3805,3796,2055
5528,5528,3823,3928,2145
5498,5498,3883,3747,2108
5504,5504,3792,3831,2172
5648,5648,3788,3762,2019
5507,5507,3774,3856,2094
5509,5509,3912,3745,2243
5487,5487,3729,3873,2124
5469,5469,3777,4122,2372
5577,5577,3905,3829,2108
5463,5463,3838,3853,2056
5419,5419,4143,3849,2095
5620,5620,3787,3890,2008
5549,5549,3771,3866,2062
5490,5490,3825,3836,2056
5567,5567,3773,3843,2029
5487,5487,3799,3821,2197
5617,5617,4264,3886,2201
5540,5540,3817,3705,2166
5460,5460,3774,3754,2114
5488,5488,3789,3794,2039
5464,5464,3852,3859,2102
5443,5443,3886,4199,2447
5430,5430,4186,3829,2107
5462,5462,3791,3764,2020
5481,5481,3830,3754,2069
5676,5676,3777,3793,1976
5498,5498,3849,3881,2086
5605,5605,3524,4005,2153
5451,5451,3872,3890,2145
5503,5503,3815,3802,2051
5649,5649,4587,3820,2028
5463,5463,3820,3721,2009
5477,5477,3834,3914,2193
5486,5486,3602,3965,2329
5470,5470,4366,3797,2119
5490,5490,3856,4124,2378
5455,5455,4171,3780,2058
5497,5497,3797,3865,2108
5499,5499,4472,3890,2165
5640,5640,4423,3108,2588
5458,5458,3854,3842,2066
5501,5501,3815,3888,2151
5471,5471,4266,3809,2064
5576,5576,3825,3814,1960
5447,5447,3780,3826,2107
5519,5519,3794,3760,2081
5626,5626,3787,3928,2152
5632,5632,3551,3981,2223
5531,5531,4224,3925,2211
5487,5487,3842,3723,2348
5517,5517,4432,4064,2141
5414,5414,3947,3865,2095
5709,5709,3780,3778,2069
5521,5521,4262,4040,2320
5497,5497,3898,3883,2261
5473,5473,3761,3730,2312
5433,5433,4487,3853,2131
5690,5690,3796,3888,2158
5407,5407,3644,3900,2161
5663,5663,3877,4330,2427
5780,5780,3889,3975,2163
5490,5490,3802,3910,2176
5595,5595,4190,3740,2104
5503,5503,3795,3841,2056
5454,5454,3872,3981,2221
5580,5580,3829,3742,2072
5535,5535,3768,3862,2114
5480,5480,3753,3796,2033
5470,5470,4168,3791,2049
5471,5471,3840,3846,2145
5483,5483,3773,3869,2136
5585,5585,3773,3884,2161
5555,5555,3880,3892,2142
5458,5458,3891,4184,2415
5490,5490,4318,3894,2147
5751,5751,3770,3814,1907
5466,5466,3786,3954,2215
5520,5520,3664,3995,2241
5665,5665,3986,3778,2113
5528,5528,3810,3806,2040
5512,5512,3798,3983,2231
5579,5579,3914,3764,2169
5484,5484,3728,3992,2235
5456,5456,3810,3737,2035
5593,5593,4281,3763,2132
5433,5433,3817,3917,2197
5543,5543,3816,3894,2193
5494,5494,3746,4130,2430
5442,5442,3922,3794,2121
5689,5689,3901,3690,2086
5458,5458,4216,3798,2049
5638,5638,3758,3927,2023
5494,5494,3803,3778,2135
5549,5549,3773,3682,2092
5529,5529,3759,3835,2086
5728,5728,3826,3722,2095
5489,5489,4239,3996,2234
5484,5484,3845,3743,2131
5438,5438,3802,3791,2068
5578,5578,3871,3907,2161
5510,5510,3839,3861,2147
5671,5671,3805,4147,2401
5595,5595,3718,4356,2597
5524,5524,3512,4137,2354
5484,5484,4275,3827,2197
5721,5721,3942,3862,2102
5452,5452,4169,3887,2138
5703,5703,3885,4252,2338
5444,5444,4341,3838,2086
5471,5471,3803,3843,2099
5532,5532,4188,3810,2068
5449,5449,3747,3886,2107
5595,5595,3920,3946,2156
5510,5510,3814,3737,2166
5497,5497,3791,3834,2086
5486,5486,3813,3755,2003
5472,5472,4183,3957,2122
5451,5451,3555,4059,2348
5497,5497,3751,3882,2209
5767,5767,3924,3797,2143
5467,5467,3829,3812,2047
5465,5465,3634,4136,2403
5471,5471,4254,3813,2039
5634,5634,3847,3962,2023
5588,5588,3789,3808,2040
5469,5469,3776,3879,2115
5516,5516,3850,3798,2059
5678,5678,3782,3835,2058
5515,5515,3879,3955,2183
5495,5495,3865,3814,2092
5612,5612,3633,3902,2165
5462,5462,3938,3826,2097
5527,5527,3759,3738,2014
5822,5822,3759,4089,2321
5605,5605,3759,3821,2183
5500,5500,3798,4145,2381
5629,5629,3850,3905,2192
5511,5511,3807,3802,2041
5466,5466,4189,3780,2056
5695,5695,3755,4182,2313
5692,5692,3905,3816,2160
5481,5481,4159,3808,2056
5558,5558,3864,3796,2003
5423,5423,3828,3826,2075
5641,5641,4261,3939,2203
5486,5486,3956,3705,2124
5474,5474,3844,3849,2085
5615,5615,3849,3855,2095
5441,5441,3741,3920,2151
5726,5726,3834,4248,2486
5536,5536,4138,3845,2201
5579,5579,3865,3889,2138
5686,5686,3769,3813,2028
5559,5559,3774,3751,2146
5604,5604,3791,3943,2177
5802,5802,3790,3928,2020
5569,5569,3765,3868,2143
5481,5481,3781,3809,2171
5442,5442,4165,3893,2142
5421,5421,3807,3840,2091
5868,5868,3841,3869,2121
5575,5575,3810,3773,2184
5454,5454,3822,3774,2128
5521,5521,3754,4108,2387
5447,5447,4181,3794,2056
5505,5505,3826,3874,2150
5621,5621,3690,3926,2122
5686,5686,3757,3841,2056
5508,5508,3877,3808,2146
5428,5428,3729,3832,2097
5471,5471,4568,3814,2157
5583,5583,3816,3915,2030
5531,5531,3777,3849,2110
5538,5538,3803,3782,2105
5573,5573,3894,3834,2151
5462,5462,3778,3743,2047
5406,5406,4262,3845,2216
5708,5708,4354,3642,2320
5603,5603,4576,4689,2010
5463,5463,4215,3765,2038
5569,5569,4243,3866,2169
5521,5521,3954,3934,2233
5497,5497,4502,3963,2233
5633,5633,3794,3838,2119
5427,5427,4258,3808,2075
5517,5517,3742,3868,2055
5459,5459,3938,3817,2111
5717,5717,3807,4245,2364
5500,5500,4325,3913,2126
5499,5499,3858,3774,2026
5479,5479,4368,3906,2230
5548,5548,3882,3809,2057
5488,5488,3849,4048,2300
5438,5438,3868,3760,2198
5542,5542,3523,4187,2482
5445,5445,3838,3756,2107
5449,5449,4157,3860,2057
5430,5430,3796,3775,2166
5599,5599,3783,3975,2210
5475,5475,3945,3857,2093
5466,5466,3836,3764,2125
5451,5451,3854,4159,2425
5454,5454,4606,4023,2236
5732,5732,3792,3911,2007
5432,5432,3770,3902,2155
5496,5496,3765,3871,2135
5562,5562,3783,3875,2077
5486,5486,3839,3775,2048
5579,5579,4023,3885,2184
5531,5531,3937,3619,2135
5562,5562,3914,3890,2110
5513,5513,3873,3972,2115
5480,5480,4185,3907,2121
5521,5521,3855,3873,2090
5555,5555,3720,3936,2155
5522,5522,3758,3773,2284
5519,5519,3819,3809,2034
5495,5495,3792,3786,2071
5444,5444,4252,3965,2232
5736,5736,3749,3962,2062
5464,5464,3777,3936,2156
5537,5537,3899,3846,2068
5532,5532,3566,4023,2270
5520,5520,3793,3786,2070
5442,5442,4354,3910,2116
5491,5491,3559,3946,2286
5457,5457,3902,3717,2082
5668,5668,3785,3801,2082
5511,5511,3799,3842,2069
5449,5449,3724,4213,2457
5461,5461,3684,4336,2533
5615,5615,3830,3902,2105
5469,5469,4661,3921,2143
5476,5476,3790,3797,2144
5482,5482,3781,3889,2109
5792,5792,3797,3858,2153
5429,5429,3765,3815,2191
5483,5483,4144,3786,2090
5511,5511,4161,3815,2329
5488,5488,3921,3954,2240
5589,5589,4381,3933,2212
5503,5503,3850,3837,2163
5496,5496,3522,4039,2302
5605,5605,3842,4099,2077
5468,5468,4199,3784,2049
5433,5433,3807,3874,2130
5567,5567,3820,3864,2146
5490,5490,3901,3875,2124
5493,5493,4059,3789,2135
5612,5612,3802,4193,2494
5434,5434,4083,3984,2231
5715,5715,3998,3880,2100
5482,5482,3592,3964,2253
5526,5526,3946,3811,2058
5606,5606,3981,3816,2147
5498,5498,3814,3883,2102
5481,5481,3872,3902,2156
5474,5474,3849,3645,1971
5538,5538,2652,5141,3333
5550,5550,3776,3790,2060
5506,5506,3796,3834,2135
5415,5415,3843,3717,2164
5477,5477,3703,4002,2220
5615,5615,3837,4149,2450
5470,5470,3895,3892,2228
5510,5510,3801,3807,2102
5576,5576,4305,3981,2141
5634,5634,3812,3890,1991
5485,5485,3889,3692,2180
5896,5896,3811,3815,2146
5755,5755,3773,3860,2051
5421,5421,3844,3758,2083
5527,5527,4252,3908,2267
5479,5479,3864,3803,2221
5414,5414,3774,3840,2076
5545,5545,3838,3834,2092
5457,5457,3823,3871,2142
5536,5536,3729,4373,2630
5695,5695,4180,3973,2265
5505,5505,3829,3778,1962
5485,5485,4174,3821,2073
5687,5687,3840,3791,2027
5578,5578,3753,3802,2039
6371,6371,4159,3897,2014
5465,5465,3797,3816,2047
5466,5466,3928,3838,2235
5512,5512,4331,3846,2098
5471,5471,3802,3756,2030
5638,5638,3873,3888,2052
5551,5551,3878,3704,2056
5508,5508,3757,3886,2075
5583,5583,3708,4135,2407
5446,5446,4177,3995,2252
5449,5449,3893,3854,2122
5651,5651,3743,3818,2205
5490,5490,3787,3770,2042
5458,5458,4345,3885,2105
5463,5463,4312,3854,2128
5500,5500,4193,3811,2042
5609,5609,3829,3857,2020
5446,5446,3593,4195,2495
5565,5565,3665,3923,2157
5511,5511,3751,3970,2177
5783,5783,3577,4118,2372
5497,5497,4331,3758,2153
5456,5456,3919,4027,2350
5625,5625,4246,3856,2204
5473,5473,3860,3804,2051
5514,5514,3893,3891,2157
5456,5456,3824,3752,2152
5567,5567,3923,3897,2219
5465,5465,3768,3792,2060
5455,5455,4301,3767,2126
5463,5463,3748,3801,2069
5635,5635,3780,3717,2003
5635,5635,3796,3825,2228
5496,5496,3760,3816,2079
5541,5541,3907,3808,2291
5725,5725,4248,3873,2138
5450,5450,3823,3860,2106
5572,5572,3866,3947,2200
5494,5494,3800,3802,2175
5536,5536,3811,3846,2033
5441,5441,3849,3810,2075
5475,5475,4348,3746,2023
5525,5525,3797,3892,2133
5556,5556,3717,4040,2269
5433,5433,3888,3826,2110
5453,5453,3850,3747,2023
5535,5535,3850,3740,2293
5493,5493,4198,3805,2046
5651,5651,3902,3830,1930
5573,5573,3874,3891,2132
5459,5459,3786,3879,2115
5497,5497,3743,3890,2099
5499,5499,3837,3784,2054
5518,5518,3730,3913,2175
5488,5488,4013,3891,2247
5494,5494,3761,3918,2124
5482,5482,3841,3871,2153
5491,5491,4196,3813,2054
5615,5615,3750,3909,2157
6285,6285,3709,3917,2142
5445,5445,3794,4169,2410
5433,5433,3834,3829,2090
5466,5466,3812,3781,2040
5465,5465,4201,3840,2044
5645,5645,3818,3866,1997
5477,5477,4090,4208,2446
5475,5475,3766,3787,2040
5580,5580,3820,3849,2112
5583,5583,3823,3818,2081
5564,5564,4313,3977,2244
5427,5427,3882,3750,2066
5567,5567,3884,3923,2190
5452,5452,3775,3847,2103
5470,5470,3787,3942,2202
5450,5450,3818,4175,2421
5527,5527,3692,4406,2593
5608,5608,3795,3977,2222
5494,5494,4039,4030,2261
5459,5459,3778,3808,2067
5448,5448,3793,3886,2180
5824,5824,3916,4225,2307
5457,5457,3798,3829,2109
5395,5395,3794,3804,2056
5523,5523,4259,3800,2101
5547,5547,3940,3771,2137
5563,5563,4260,3881,2209
5520,5520,3828,3649,2099
5685,5685,4208,3852,2098
5476,5476,3848,3719,2104
5461,5461,4231,3803,2109
5540,5540,3806,3957,2223
5599,5599,3704,3969,2179
5460,5460,3833,3851,2132
5946,5946,3863,3850,2077
5500,5500,3797,4171,2420
5633,5633,4322,3839,2069
5602,5602,3852,3794,2040
5549,5549,3778,3829,2105
5456,5456,3779,3754,2097
5551,5551,3796,3812,2134
5457,5457,3758,3823,2063
5565,5565,3870,3873,2133
5468,5468,3824,3794,2122
5469,5469,3740,3800,2109
5431,5431,3831,3888,2186
5479,5479,3788,3805,2049
5535,5535,3761,3944,2168
5467,5467,3779,3985,2172
5564,5564,3559,4143,2397
5546,5546,4226,3784,2142
5463,5463,3773,3758,2031
5450,5450,4180,3735,2153
5650,5650,3902,3991,2067
5488,5488,3672,3934,2215
5856,5856,3971,3914,2217
5760,5760,3849,3899,2164
5632,5632,3782,3835,2107
5445,5445,4318,3918,2157
5626,5626,3849,3762,2081
5541,5541,3638,4000,2300
5580,5580,3946,3873,2127
5470,5470,3881,3847,2127
5521,5521,3754,4167,2452
5541,5541,4840,3860,2144
5461,5461,3781,3835,2082
5417,5417,3889,3872,2110
5444,5444,3861,3687,2121
5482,5482,3795,3812,2069
5639,5639,3846,3943,2075
5479,5479,3811,3819,2068
5484,5484,3813,3863,2144
5456,5456,4055,3917,2170
5484,5484,3814,3742,2019
5584,5584,3956,3880,2148
6954,6954,4019,3902,760
5446,5446,3845,3913,2155
5570,5570,3800,4125,2394
5519,5519,4204,3795,2082
5457,5457,3799,3877,2125
5632,5632,3702,3905,2143
5466,5466,3778,3772,2178
5563,5563,3898,3856,2214
5470,5470,3869,3832,2120
5526,5526,4364,3872,2074
5644,5644,3770,3854,1947
5469,5469,3500,4064,2358
5514,5514,3796,3807,2099
5518,5518,3872,3861,2099
5466,5466,3801,3854,2108
5489,5489,4232,3885,2122
5590,5590,3885,4047,2395
5488,5488,4226,3828,2026
5444,5444,3810,3809,2053
5531,5531,3837,3812,2081
5503,5503,3786,3855,2155
5451,5451,3821,3964,2180
5476,5476,3830,3816,2079
5459,5459,4250,3861,2149
5482,5482,4065,3866,2093
5505,5505,3808,3771,2059
5727,5727,3827,4195,2269
5435,5435,3842,3828,2054
5536,5536,3831,3767,2126
5673,5673,4336,3801,2165
5497,5497,3548,4015,2266
5559,5559,3902,3920,2164
5592,5592,3824,3833,2165
5494,5494,3539,4092,2306
5480,5480,3602,4042,2281
5601,5601,4709,3729,2006
5582,5582,3807,3873,2091
5528,5528,4330,4012,2205
5427,5427,3626,4014,2288
5438,5438,5413,2349,3231
5494,5494,3764,4142,2382
5503,5503,4205,3760,2367
5637,5637,3810,3960,2048
5570,5570,4222,3844,2149
5459,5459,3852,3928,2183
5553,5553,3757,3844,2146
5473,5473,3854,3836,2078
5639,5639,3968,3921,2193
5549,5549,3889,3808,2131
5473,5473,3840,3800,2094
5567,5567,3791,3771,2006
5515,5515,4264,3851,2109
5534,5534,3784,3956,2156
5605,5605,3799,3865,2110
5536,5536,3878,4136,2347
5626,5626,3836,3988,2188
5629,5629,3823,3722,1964
5553,5553,3941,4107,2330
5679,5679,3871,3958,2043
5488,5488,3778,3799,2170
5655,5655,3805,3762,2019
5574,5574,3833,3747,2007
5514,5514,3807,4033,2068
5585,5585,4324,3913,2143
5465,5465,3880,3769,2109
5481,5481,3814,3843,2102
5496,5496,3770,3768,2030
5554,5554,3852,3780,2118
5494,5494,3903,4246,2490
5494,5494,3732,4349,2568
5494,5494,3914,3871,2113
5630,5630,4350,3851,2199
5454,5454,3787,3780,2047
5470,5470,3955,3817,2051
5696,5696,3779,4189,2335
5540,5540,3793,3858,2108
5531,5531,3755,3829,2045
5552,5552,4536,3808,2140
5480,5480,3856,3848,2101
5928,5928,3842,3893,2114
5449,5449,4254,3747,2082
5448,5448,3811,3850,2078
5549,5549,3852,3811,2089
5471,5471,4235,3899,2064
5419,5419,3910,3806,2173
5528,5528,3733,4075,2282
5485,5485,3800,3828,2041
5447,5447,3822,3808,2031
5651,5651,3850,4158,2409
5479,5479,4251,3829,2057
5622,5622,3792,3848,2058
5536,5536,3902,3776,2118
5586,5586,3828,3816,2144
5707,5707,3878,3861,2136
5644,5644,3762,3815,2148
5611,5611,3849,3914,2123
5720,5720,3836,3743,2162
5590,5590,3748,3909,2087
5590,5590,3796,3795,2041
5470,5470,3768,3829,2054
5510,5510,3804,3898,2184
5627,5627,3721,3900,2180
5474,5474,4352,4269,2569
5649,5649,3863,3876,2119
5481,5481,4014,3796,2090
5511,5511,4187,3830,2058
5615,5615,3761,3919,2073
5495,5495,3804,3761,2040
5422,5422,3834,3765,2020
5688,5688,3884,3838,2158
5526,5526,3758,3791,2046
5517,5517,4262,3905,2121
5472,5472,3890,3863,2183
5466,5466,3985,3777,2120
5515,5515,3856,3740,2098
5473,5473,3800,3783,2104
5437,5437,3755,4265,2492
5536,5536,4221,3772,2071
5495,5495,3773,3860,2124
6144,6144,3894,3855,2090
5536,5536,3802,3775,2043
5535,5535,3786,3866,2047
5642,5642,3781,3854,1958
5494,5494,3761,3884,2099
5686,5686,5083,3848,2080
5534,5534,4308,3849,2067
5540,5540,3762,3813,2075
5505,5505,3818,3930,2127
5533,5533,3876,3712,2125
5563,5563,3604,4062,2290
5589,5589,3800,3768,2305
5484,5484,4598,3827,2074
5536,5536,3804,3920,2147
5469,5469,3741,3977,2182
5491,5491,4277,3838,2078
5484,5484,3861,3774,2139
5465,5465,3763,3807,2037
5497,5497,4506,3813,2221
5630,5630,3762,3940,2016
5541,5541,3665,4001,2272
5511,5511,3771,3768,2032
5559,5559,3761,3829,2154
5595,5595,3819,3823,2064
5500,5500,4193,4007,2273
5697,5697,3887,4007,2345
5491,5491,4174,3835,2198
5464,5464,3585,4029,2268
5438,5438,3823,3770,2055
5562,5562,3900,3740,2143
5635,5635,3776,3840,2211
5575,5575,3840,3776,2044
5684,5684,4233,3856,2093
5434,5434,3827,3849,2139
5571,5571,3880,3875,2110
5771,5771,3744,4205,2293
5611,5611,3775,3954,2146
5469,5469,3861,3726,2003
5654,5654,4649,3907,2169
5438,5438,3806,3788,2055
5505,5505,3961,3941,2167
5487,5487,3891,3689,2122
5454,5454,3734,3791,2072
5575,5575,3758,3797,2169
5513,5513,4163,3769,2023
5571,5571,3775,3768,2204
5595,5595,3725,3883,2126
5468,5468,3651,3845,2110
5662,5662,3836,3898,2127
5600,5600,3778,4217,2446
5492,5492,4177,3846,2081
5607,5607,3928,3910,2055
5449,5449,4171,3797,2047
5569,5569,3806,3892,2116
5510,5510,3719,3823,2060
5429,5429,3684,3825,2105
5532,5532,3850,3933,2167
5569,5569,3808,3993,2293
5651,5651,4069,3783,2172
5497,5497,5231,2437,3193
5567,5567,4282,3868,2107
5629,5629,3726,3887,2156
5619,5619,3738,3987,2186
5541,5541,3710,4183,2424
5441,5441,3866,3938,2240
5461,5461,3779,3781,2143
5484,5484,4377,3800,2156
5594,5594,3858,3911,2011
5609,5609,3844,3893,2174
5509,5509,3725,3796,2054
5589,5589,3865,3872,2086
5473,5473,3796,3781,2074
5616,5616,4314,3875,2145
5490,5490,4029,3785,2110
5481,5481,3745,3805,2065
5439,5439,3797,3785,2319
5605,5605,4061,3816,2185
5465,5465,3782,4218,2465
5534,5534,3888,4314,2577
5481,5481,3934,3831,2083
5510,5510,4270,3785,2127
5503,5503,3781,3853,2093
5453,5453,3931,3788,2140
5772,5772,3746,4174,2221
5500,5500,3570,4045,2323
5576,5576,4170,3763,2070
5582,5582,4155,3802,2046
5457,5457,3775,3830,2070
5542,5542,3844,3909,2158
5471,5471,3832,3788,2122
5483,5483,3781,3803,2093
5482,5482,3802,3807,2021
5409,5409,4204,3849,2084
5491,5491,3509,4074,2365
5460,5460,3827,3854,2119
5476,5476,3796,3754,2030
5440,5440,3889,3745,2012
5452,5452,3806,4097,2387
5490,5490,4190,3844,2095
5773,5773,3772,3888,2031
5479,5479,3750,3868,2086
5586,5586,3727,3877,2100
5515,5515,3817,3755,2020
5466,5466,3758,3764,2040
5504,5504,3813,3898,2160
5503,5503,3897,3778,2128
5472,5472,3989,3875,2094
5517,5517,3701,3800,2057
5461,5461,3707,3824,2061
5497,5497,3820,3878,2138
5444,5444,3753,3891,2232
5723,5723,3775,4189,2463
5619,5619,3861,3862,2094
5515,5515,3811,3769,2107
5494,5494,4138,3802,2068
5723,5723,3865,3884,2036
5472,5472,3764,3875,2120
5514,5514,3772,3869,2141
5518,5518,3751,3902,2110
5480,5480,3816,3763,2158
5474,5474,4413,3880,2148
5563,5563,4039,3784,2100
5482,5482,3768,3812,2012
5464,5464,3811,3938,2194
5504,5504,3680,3860,2101
5537,5537,3711,4259,2465
5473,5473,4178,3843,2090
5448,5448,3814,3825,2104
5650,5650,3808,3787,2062
5535,5535,3748,3788,2061
5510,5510,3768,3888,2058
5574,5574,3714,3912,2008
5753,5753,3803,4201,2144
5479,5479,3849,3799,2053
5484,5484,4174,3815,2057
5546,5546,4015,3861,2123
5602,5602,3875,3870,2144
5517,5517,3946,3742,2374
5538,5538,3827,3924,2127
7051,7051,4175,4166,2436
5800,5800,4191,3904,2138
5586,5586,3779,3873,2152
5476,5476,3697,3932,2137
5527,5527,3756,3856,2120
5574,5574,4592,3887,2082
5537,5537,3612,3904,2167
5507,5507,4165,3883,2149
6026,6026,3894,3890,2003
5566,5566,3937,3819,2061
5530,5530,3768,3799,2076
5578,5578,3924,3953,2136
5615,5615,4320,3713,2137
5471,5471,4367,3971,2234
5490,5490,3841,4130,2428
5509,5509,4467,3870,2111
5784,5784,3835,3788,2082
5600,5600,3929,3898,2136
5556,5556,3790,3928,2118
5510,5510,3937,3927,2298
6343,6343,3778,3812,1381
5470,5470,4224,3843,2066
5464,5464,3535,4161,2445
5480,5480,3636,4063,2437
5723,5723,3506,4319,2421
5615,5615,3785,3882,2081
5488,5488,3856,3867,2154
5611,5611,4214,3897,2135
5647,5647,3643,3892,2136
5585,5585,4224,3801,2382
5472,5472,3877,3790,2152
5442,5442,3609,3923,2217
5503,5503,3928,3783,2072
5457,5457,4606,3850,2090
5580,5580,3823,3828,2136
5603,5603,3578,4117,2220
5423,5423,3741,3739,2123
5529,5529,3883,3760,2129
5475,5475,3814,3960,2288
5487,5487,4299,3782,2001
5721,5721,3872,3880,2083
5446,5446,3822,3838,2105
5581,5581,3549,3981,2249
5571,5571,3799,3804,2004
5528,5528,3662,3891,2147
5482,5482,3874,3906,2142
5671,5671,3896,3729,2141
5483,5483,3505,4172,2431
5502,5502,4033,3715,2206
5517,5517,4192,3964,2220
5482,5482,3793,3760,2196
5616,5616,3743,3969,2290
5464,5464,3980,4067,2447
5448,5448,3858,3954,2287
5492,5492,3915,3621,2164
5527,5527,4230,3937,2175
5587,5587,3844,3937,2014
5514,5514,3726,4250,2140
5505,5505,3754,5287,2081
5472,5472,3617,3981,2302
5508,5508,3808,3791,2143
5588,5588,4297,3942,2166
5492,5492,3920,3938,2223
5781,5781,3710,3876,2130
5571,5571,3808,3839,2121
5692,5692,3882,3949,2153
5457,5457,3755,4183,2446
5433,5433,3724,4392,2610
5636,5636,3823,3878,2110
5530,5530,4288,3957,2285
5557,5557,4165,3794,2134
5638,5638,4219,3902,2140
5784,5784,3762,4213,2315
5575,5575,4076,3674,2143
5444,5444,3818,3853,2065
5571,5571,4082,3849,2106
5475,5475,3784,3926,2195
5439,5439,3894,3896,2182
5478,5478,3691,3960,2298
5520,5520,3753,3882,2157
5549,5549,3779,3903,2140
5472,5472,4197,3796,2043
5427,5427,3811,3727,2163
5531,5531,3789,4065,2322
5603,5603,3792,3841,2160
5653,5653,3849,3845,2158
5541,5541,3838,4103,2293
5530,5530,4216,3814,2074
5722,5722,3820,3829,2086
5501,5501,3762,3811,2056
5729,5729,3791,3844,2104
5539,5539,3780,3824,2065
5508,5508,3830,3757,2048
5542,5542,3970,3926,2178
5501,5501,3821,3759,2061
5575,5575,3824,3799,2131
5496,5496,3833,3759,2010
5535,5535,3751,3803,2039
5498,5498,3735,3963,2224
5490,5490,3759,3918,2115
5541,5541,3785,4105,2342
5442,5442,3781,3792,2037
5467,5467,3785,3790,2070
5475,5475,4229,3861,2054
5583,5583,3941,3902,2025
5457,5457,3686,3881,2154
5468,5468,3795,3801,2136
5672,5672,3791,3992,2223
5455,5455,3902,3892,2080
5590,5590,4247,3881,2057
5745,5745,3852,3724,2176
5585,5585,3773,3869,2148
5514,5514,3747,3815,2042
5451,5451,3778,3825,2132
5513,5513,3817,4251,2495
5523,5523,4133,3948,2162
5454,5454,3804,3761,2003
5482,5482,3863,3863,2113
5560,5560,3806,3781,2034
5472,5472,3825,3870,2112
5726,5726,3847,3914,1987
5745,5745,4177,3893,2132
5516,5516,3827,3744,2056
5668,5668,4257,3802,2076
5429,5429,3491,4190,2464
5537,5537,3870,3895,2162
5554,5554,3830,3697,2127
5478,5478,4127,3875,2093
5612,5612,3825,4170,2424
5586,5586,4188,3865,2135
5501,5501,3792,3884,2149
5639,5639,4483,3924,2029
5745,5745,3760,3853,2002
5440,5440,3691,4240,2487
5463,5463,3843,3827,2026
5521,5521,4179,3808,2067
5641,5641,3792,3841,2041
5550,5550,3834,3841,2090
5519,5519,5008,3802,2133
5508,5508,4223,3811,2058
5678,5678,3873,3859,2134
5487,5487,4055,4121,2363
5653,5653,3674,4121,2396
5516,5516,4239,3827,2162
5477,5477,3890,3885,2113
5445,5445,3930,4047,2328
5482,5482,3762,3976,2178
5501,5501,3816,3927,2157
5440,5440,3849,3840,2097
5528,5528,4213,3766,2123
5444,5444,3908,3818,2084
5431,5431,3838,3907,2158
5674,5674,3551,4311,2391
5510,5510,3919,3785,2225
5501,5501,3949,3662,2117
5592,5592,4193,3818,2044
5514,5514,3639,4010,2231
5536,5536,3879,3927,2219
6838,6838,3966,3678,814
5550,5550,3791,3778,2080
5551,5551,3795,3822,2086
5462,5462,4174,3812,2070
5497,5497,3939,3810,2254
5504,5504,3691,3912,2267
5467,5467,3766,3848,2077
5475,5475,3867,3765,2138
5498,5498,3815,4138,2402
5581,5581,4162,3817,2067
5622,5622,3808,3998,2110
5563,5563,3815,3767,2137
5610,5610,3787,3765,2114
5542,5542,3783,3798,2135
5459,5459,3825,3775,2026
5649,5649,3848,3938,2202
5458,5458,3809,3745,2157
5478,5478,3829,3904,2163
5480,5480,3781,3821,2097
5563,5563,4297,3835,2142
5510,5510,3822,3942,2230
5657,5657,3692,3978,2219
5467,5467,3753,4215,2435
5500,5500,3837,3885,2097
5484,5484,3774,3723,2005
5615,5615,4205,3791,2146
5656,5656,3804,3933,2047
5521,5521,3922,3824,2174
5444,5444,3767,3806,2078
5563,5563,3849,3993,2142
5611,5611,3808,3801,2113
5453,5453,4107,3933,2202
5454,5454,3824,3765,2054
5418,5418,3851,3843,2175
5612,5612,3802,3971,2205
5499,5499,3815,3810,2081
5457,5457,3800,4181,2447
5466,5466,3831,4348,2594
5457,5457,3820,4026,2276
5453,5453,4824,4238,2106
5487,5487,3907,3768,2120
5561,5561,3820,3969,2186
5726,5726,4062,3795,2258
5507,5507,3811,4020,2224
5489,5489,3766,3798,2014
6081,6081,4280,3877,2358
5471,5471,3791,3733,2081
5435,5435,3830,3927,2273
5584,5584,4341,3722,2114
5449,5449,3750,3791,2058
5534,5534,3783,3745,2017
5598,5598,4295,3941,2152
5451,5451,3981,3745,2243
5510,5510,3993,3905,2155
5490,5490,3777,3851,2096
5455,5455,3756,4014,2064
5480,5480,3753,4165,2420
5473,5473,4218,3813,2058
5626,5626,3844,3815,2042
5459,5459,3782,3849,2225
5608,5608,3765,3828,2109
5532,5532,3721,3870,2144
5863,5863,3906,3799,2184
5534,5534,3827,4039,2368
5620,5620,3875,3904,2210
5545,5545,3863,3887,2155
5494,5494,3961,3737,2161
5974,5974,3775,3848,2057
5490,5490,3782,3708,2138
5552,5552,3739,3869,2224
5485,5485,3757,4162,2388
5569,5569,3820,3811,2051
5583,5583,3684,4001,2380
5460,5460,4214,3960,2177
5577,5577,4060,3917,2003
5692,5692,3788,3905,2073
5641,5641,3785,3804,2039
5645,5645,3791,4041,2272
5506,5506,3811,4175,2379
5586,5586,4246,3872,2070
6006,6006,3851,3679,2044
5554,5554,4007,4110,2145
5522,5522,3711,4145,2199
5433,5433,3792,3885,2081
5584,5584,3793,4165,2466
5523,5523,4126,3915,2138
5479,5479,3865,3741,2076
5496,5496,3844,3868,2122
5478,5478,3775,3788,2039
5449,5449,3711,3829,2113
5602,5602,3906,3964,2065
5458,5458,3888,3879,2103
5546,5546,3804,3789,2178
5473,5473,4205,3903,2081
5846,5846,3873,3623,1976
5549,5549,3876,3950,2220
5611,5611,3863,3741,2065
5451,5451,3714,4136,2313
5539,5539,3808,4113,2397
5720,5720,4213,3953,2214
5510,5510,3762,3941,2135
5596,5596,3841,3823,2205
5536,5536,4242,3785,2228
5477,5477,3856,3882,2220
5503,5503,4199,3825,2131
5484,5484,4067,4248,2485
5916,5916,3622,4185,2283
5435,5435,3754,4084,2102
5510,5510,3788,3958,2057
5602,5602,3927,4007,2128
5660,5660,3912,3908,2140
5730,5730,4718,4044,2219
5566,5566,3818,3715,2272
5559,5559,4181,4025,2245
5451,5451,3816,3791,2050
5517,5517,3582,4225,2440
5838,5838,3727,4017,2286
5638,5638,3909,4083,2280
5490,5490,3985,3955,2080
5747,5747,4364,3898,2111
5469,5469,3677,4194,2258
5461,5461,3524,4095,2343
5618,5618,3588,4303,2312
5472,5472,4020,3785,2089
5534,5534,3691,4012,2249
5715,5715,4309,3997,2137
5636,5636,3902,3740,2009
5589,5589,3931,4357,2603
5562,5562,3853,3789,2161
5549,5549,3791,3978,2190
5474,5474,3806,4032,2301
5538,5538,4671,3676,2111
5536,5536,3739,3875,2093
5524,5524,3859,4121,2185
5513,5513,3835,3791,2083
5584,5584,3895,3779,1999
5529,5529,3903,4141,2380
5548,5548,4152,3774,2019
6323,5684,4202,6323,4610
5493,5493,3826,4107,2346
5450,5450,3851,3754,2043
5931,5931,3780,3889,2130
5488,5488,3753,3842,2072
5520,5520,4271,3931,2161
5516,5516,3863,3733,2160
5457,5457,3806,3900,2156
5577,5577,3786,3856,2170
5446,5446,4131,3896,2113
5511,5511,3793,3891,2292
5652,5652,3743,3827,2108
5517,5517,3949,4158,2410
5434,5434,3794,3867,2138
5447,5447,3665,3876,2125
5535,5535,4244,3846,2095
5588,5588,3787,3898,2134
5452,5452,3784,3822,2092
5469,5469,3781,3867,2098
5480,5480,3748,3842,2067
5474,5474,3779,3821,2113
5426,5426,4350,4027,2317
5603,5603,3841,3656,2086
5484,5484,3807,3833,2073
5462,5462,3789,3906,2160
5445,5445,3714,3866,2108
5499,5499,3838,4356,2563
5491,5491,3742,4603,2634
5539,5539,3928,3813,2111
5513,5513,4165,3806,2158
5508,5508,3781,3809,2050
5433,5433,3809,3815,2103
5662,5662,3795,4168,2269
5489,5489,3811,3895,2161
5484,5484,3776,3921,2186
5489,5489,4175,3872,2087
5518,5518,3763,3810,2014
5455,5455,3716,3936,2201
5656,5656,3822,3700,2047
5560,5560,3920,4005,2199
5473,5473,3910,3903,2128
5494,5494,4608,3801,2044
5538,5538,3770,3809,2222
5472,5472,3728,3938,2232
5510,5510,3763,3808,2038
5629,5629,3909,3946,2167
5512,5512,3828,4121,2405
5551,5551,4194,3920,2136
5696,5696,3888,3938,1983
5506,5506,3944,3810,2014
5565,5565,3799,3788,2143
5889,5889,3823,3793,2062
5522,5522,3756,3860,2151
5467,5467,4019,3966,2237
5671,5671,3860,3758,2083
5512,5512,3772,3837,2079
5444,5444,3809,3894,2157
5485,5485,3770,3783,2000
5471,5471,3830,3726,2131
5631,5631,3801,3836,2199
5442,5442,3748,4151,2459
5463,5463,3749,3855,2026
5690,5690,3776,3825,2076
5432,5432,4256,3819,2112
5590,5590,3819,3969,2051
5478,5478,3770,3917,2153
5625,5625,3772,3746,2007
5483,5483,3811,3844,2088
5433,5433,3773,3833,2070
5457,5457,4184,3907,2127
5474,5474,3963,3658,2193
5433,5433,3861,3756,2150
5562,5562,3923,3875,2108
5485,5485,3749,3833,2064
5457,5457,3810,4293,2478
5441,5441,4132,3960,2219
5605,5605,3771,3850,2139
5463,5463,3630,3979,2211
5505,5505,3860,3935,2181
5444,5444,3883,3871,2115
5622,5622,3858,3934,2052
5458,5458,3782,3861,2076
5471,5471,3799,3872,2117
5516,5516,4269,3843,2076
5463,5463,3788,3717,1989
5494,5494,3790,3898,2109
5530,5530,3912,3727,2055
5518,5518,3793,3961,2171
5502,5502,3795,4117,2342
5631,5631,4328,3757,2033
5528,5528,3790,3905,2184
5595,5595,4620,3931,2221
5446,5446,3823,3762,2059
5445,5445,4182,3811,2199
5490,5490,3942,3841,2122
5634,5634,4190,3788,2076
5572,5572,3834,3950,2049
5446,5446,3780,4010,2273
5505,5505,3763,3773,2056
5520,5520,3775,3826,2081
5470,5470,3849,3879,2163
5434,5434,4421,4048,2362
5457,5457,3925,4174,2498
5473,5473,4159,3912,2152
5449,5449,3836,3784,2003
5489,5489,3722,3849,2082
5594,5594,3792,3862,2145
5498,5498,3800,3911,2232
5459,5459,3775,3800,2082
5593,5593,4148,3819,2046
5478,5478,3892,3865,2144
5500,5500,3737,3846,2133
5726,5726,3814,4384,2496
5461,5461,3830,3935,2152
5459,5459,3788,3842,2117
5489,5489,4201,3827,2075
5636,5636,3783,3868,2130
5544,5544,3853,3889,2157
5545,5545,3915,3667,2098
5484,5484,3765,3890,2122
5507,5507,3781,3864,2092
5450,5450,4193,3768,2117
5529,5529,3770,3885,2172
5475,5475,3751,3916,2152
5472,5472,3780,3787,2038
5540,5540,3832,3839,2135
5479,5479,3882,3769,2293
5517,5517,4224,3843,2084
5724,5724,3881,3879,2017
5534,5534,3929,3815,2168
5457,5457,3764,3881,2096
5524,5524,3722,3934,2123
5492,5492,3741,3883,2158
5493,5493,3819,3933,2170
5515,5515,3800,3833,2115
5433,5433,3847,3815,2194
5471,5471,3719,3814,2069
5458,5458,4256,3848,2156
5508,5508,3767,3876,2144
5558,5558,3874,3742,2244
5464,5464,3925,4209,2521
5564,5564,3775,3841,2218
5455,5455,3755,3854,2132
5660,5660,4170,3803,2033
5624,5624,3880,3867,2117
5495,5495,3773,3886,2141
5536,5536,3786,3772,2022
5588,5588,3977,3855,2070
5462,5462,3813,3777,2024
5601,5601,4243,3885,2114
5613,5613,4073,3695,2034
5507,5507,3798,3772,2026
5659,5659,3776,3788,2027
5517,5517,3815,3908,2138
5484,5484,3771,4157,2442
5531,5531,3767,4328,2587
5475,5475,3740,3782,2022
5452,5452,4314,3863,2107
5514,5514,4201,3782,2139
5513,5513,3709,3822,2089
5689,5689,3964,3725,2264
5549,5549,3791,3854,2131
5426,5426,3790,3837,2106
5530,5530,4158,3821,2091
5491,5491,3741,3763,2047
5554,5554,3879,3950,2210
5521,5521,3809,3764,2134
5512,5512,4144,3781,2067
5499,5499,3782,3764,2009
5431,5431,4252,3904,2104
5437,5437,3794,3821,2111
5604,5604,3702,3884,2009
5467,5467,3780,3849,2116
5475,5475,3807,3936,2155
5589,5589,3770,4086,2242
5463,5463,4311,3748,2129
5749,5749,3812,3921,1903
5602,5602,3785,3886,2163
5596,5596,3712,3935,2112
5631,5631,5032,2668,3161
5982,5982,4218,3767,2034
5515,5515,4242,3952,2230
5553,5553,3850,3807,2131
5593,5593,3771,3782,2021
5517,5517,3913,3755,2118
5493,5493,3869,3840,2177
5488,5488,3743,3961,2181
5521,5521,4153,3945,2142
5535,5535,3839,4147,2437
5484,5484,3490,4053,2352
5482,5482,3884,3848,2118
5484,5484,3840,3852,2130
5623,5623,3853,3992,2031
5516,5516,4355,3798,2176
5520,5520,3861,3815,2181
5517,5517,3857,3842,2069
5592,5592,3531,3995,2290
5704,5704,4051,3908,2259
5482,5482,3868,3714,2196
5470,5470,3938,4104,2350
5420,5420,3780,3858,2115
5466,5466,3811,3849,2104
5506,5506,3735,4367,2633
5642,5642,3720,3953,2191
5501,5501,3600,3927,2191
5903,5903,4085,3819,2081
5484,5484,3822,3844,2123
5516,5516,3764,3920,2136
5601,5601,4034,3953,2069
5473,5473,3742,3794,2048
5509,5509,3783,4064,2328
5529,5529,3880,3813,2068
5577,5577,3815,3753,2103
5499,5499,3895,3875,2128
5530,5530,3771,3759,2116
5538,5538,3761,3771,2033
5617,5617,3791,3792,2316
5455,5455,4176,3779,2179
5558,5558,3818,3751,2197
5668,5668,3792,3997,2186
5469,5469,3755,3849,2099
5525,5525,4237,3923,2099
5490,5490,3804,3791,2085
5534,5534,4145,3809,2147
5605,5605,3803,3938,2047
5668,5668,3860,3802,2051
5419,5419,3757,3829,2108
5587,5587,3893,3837,2189
5493,5493,3553,4063,2302
5576,5576,4227,3909,2130
5714,5714,4235,4073,2400
5665,5665,4190,3778,2043
5475,5475,3827,3844,2089
5571,5571,3753,3940,2156
5516,5516,3726,3898,2176
5476,5476,3750,3906,2122
5476,5476,3785,3807,2110
5486,5486,4281,3857,2097
5496,5496,3769,3835,2102
5453,5453,3751,3768,2141
5822,5822,3783,4167,2288
5530,5530,3826,3862,2083
5765,5765,3800,3907,2107
5473,5473,4200,3870,2116
5592,5592,3742,3891,2176
5475,5475,3873,3943,2193
5585,5585,3791,3738,2095
5514,5514,4257,3863,2152
5442,5442,3734,3879,2108
5718,5718,4190,3781,2142
5446,5446,3947,3857,2113
5545,5545,3857,3909,2139
5447,5447,3805,3791,2077
5446,5446,3927,3883,2105
5499,5499,3795,3786,2303
5494,5494,4294,3822,2043
5629,5629,3767,3918,2053
5460,5460,3785,3899,2125
5660,5660,3831,3779,2025
5943,5943,3921,3878,2157
5420,5420,3769,3827,2113
5513,5513,3957,3968,2210
5612,5612,3784,3719,2166
5489,5489,3864,3868,2064
5508,5508,4362,4035,2277
5549,5549,4163,3834,2033
5504,5504,3527,4139,2355
5517,5517,3799,3994,2217
5514,5514,4067,4297,2531
5563,5563,3792,3776,2109
5493,5493,3762,3799,2126
5473,5473,4202,3925,2120
5623,5623,3793,3821,1938
5642,5642,3803,3809,2058
5480,5480,4011,3738,2134
5600,5600,3998,3792,2055
5401,5401,3777,3817,2047
5490,5490,4255,3875,2152
5588,5588,3834,3686,2135
5671,5671,3760,3870,1940
5730,5730,3790,3905,2137
5586,5586,3914,3857,2057
5492,5492,3827,4176,2462
5528,5528,3625,4426,2682
5567,5567,3857,3954,2184
5575,5575,4222,3875,2097
5540,5540,3964,3792,2121
5514,5514,3787,3815,2048
5721,5721,3758,4199,2310
5502,5502,3630,4040,2258
5648,5648,3573,3963,2268
5505,5505,4345,3771,2150
5464,5464,3900,3995,2270
5519,5519,3801,3895,2276
5527,5527,3823,3743,2082
5483,5483,3797,3770,2056
5507,5507,3728,3869,2174
5465,5465,3940,4012,2279
5439,5439,3861,3868,2111
5538,5538,3764,3841,2099
5659,5659,3770,3855,1966
5454,5454,3833,3823,2115
5483,5483,3809,3775,2319
5456,5456,4227,3976,2217
5638,5638,3790,3837,1969
5520,5520,3918,3875,2245
5498,5498,3820,3799,2089
5464,5464,3874,3811,2038
5537,5537,3761,3757,2042
5591,5591,3878,3930,2181
5505,5505,3867,3872,2213
5465,5465,3799,3852,2091
5462,5462,3830,3757,2046
5638,5638,3800,3798,2159
5813,5813,3794,3915,2136
5490,5490,3691,3856,2136
5436,5436,3755,4087,2351
5466,5466,3800,3988,2118
5474,5474,5139,2555,3040
5433,5433,4264,3831,2066
5575,5575,3955,3736,2056
5473,5473,3825,3823,2128
5456,5456,3770,3832,2063
5471,5471,3851,3807,2165
5487,5487,3743,3814,2055
5462,5462,4477,3664,2187
5562,5562,3935,3761,2137
5576,5576,3858,3799,2167
5518,5518,3780,3794,2141
5549,5549,3971,3647,2073
5510,5510,3735,3761,2425
5430,5430,4188,3900,2165
5462,5462,3937,3805,2069
5429,5429,3752,3819,2302
5485,5485,3822,3757,2031
5492,5492,3819,3870,2143
5615,5615,3772,3898,2041
5629,5629,3786,3911,2140
5478,5478,3777,3841,2107
5524,5524,4346,3712,2098
5516,5516,3549,4127,2363
5444,5444,4297,3864,2204
5562,5562,3806,3741,2165
5607,5607,3898,3906,2143
5555,5555,3941,3771,2281
5482,5482,3995,4027,2303
5475,5475,4181,3895,2141
5482,5482,3549,4069,2330
5512,5512,3759,3826,2078
5611,5611,3614,4171,2403
5457,5457,3544,4011,2255
5483,5483,4198,3832,2039
5595,5595,3763,3977,2061
5533,5533,4262,3965,2182
5483,5483,3947,3634,2060
5469,5469,3810,3804,2018
5595,5595,3890,3707,2012
5545,5545,4284,3894,2161
5561,5561,3854,3713,2291
5586,5586,4239,3770,2088
5461,5461,3565,4025,2293
5534,5534,3975,3609,2133
5488,5488,3775,3954,2292
5600,5600,3721,3981,2200
5847,5847,3761,3819,1866
5562,5562,4290,3847,2121
5478,5478,3893,3778,2062
5462,5462,3808,3911,2118
5552,5552,3937,4171,2275
5464,5464,3861,3785,2215
5491,5491,3913,3854,2109
5470,5470,4316,3902,2151
5535,5535,3855,3847,2100
5526,5526,3897,3928,2193
5574,5574,3907,3722,2166
5491,5491,3739,3885,2090
5449,5449,3951,3698,2122
5496,5496,4189,3821,2042
5476,5476,3769,3897,2119
5535,5535,3722,3905,2122
5549,5549,3822,3790,2062
5475,5475,3792,3861,2124
5464,5464,3801,4162,2415
5475,5475,4204,3899,2174
5615,5615,3808,3892,1998
5471,5471,3875,3840,2114
5574,5574,3771,3882,2129
5690,5690,3741,3878,2096
5516,5516,3816,3862,2101
5509,5509,3889,3839,2119
5431,5431,3945,3648,2098
5568,5568,3770,3767,2109
5497,5497,3871,3758,2037
5490,5490,4170,3795,2038
5477,5477,3832,3742,2206
5843,5843,3745,3990,2281
5671,5671,3820,3717,2272
5510,5510,3829,3853,2064
5529,5529,3862,3796,2087
5508,5508,4440,3801,2045
5692,5692,3813,3835,1944
5522,5522,3801,3877,2059
5562,5562,3715,3766,2056
5518,5518,3768,3823,2131
5473,5473,3890,3854,2115
5458,5458,4099,4101,2340
5466,5466,3898,3717,2183
5470,5470,3787,3857,2200
5586,5586,3762,3761,2136
5495,5495,3869,3824,2057
5450,5450,3832,4173,2392
5482,5482,3722,4317,2548
5845,5845,3590,3963,2232
5523,5523,4210,3871,2134
5431,5431,3812,3898,2063
5543,5543,3808,3787,2050
5664,5664,3736,4185,2304
5436,5436,3777,3823,2101
6641,6641,3859,4033,960
5431,5431,4127,3802,2030
5460,5460,3573,3997,2276
5500,5500,3877,3902,2140
5472,5472,3961,3768,2064
5468,5468,3821,3945,2125
5503,5503,3830,3798,2071
5492,5492,4159,3869,2128
5461,5461,3822,3872,2110
5764,5764,3875,3844,2194
5568,5568,3815,3771,2114
5612,5612,3790,3867,2122
5495,5495,3766,4060,2356
5528,5528,4179,3835,2176
5585,5585,3817,3854,1977
5536,5536,3729,3883,2153
5597,5597,3847,3857,2133
5450,5450,3759,3818,2083
5429,5429,3853,3751,2027
5449,5449,3877,3982,2245
5624,5624,3890,3964,2325
5561,5561,3813,3895,2129
5526,5526,3758,3774,2064
5529,5529,3754,3960,2235
5451,5451,3832,3741,2124
5618,5618,3758,3905,2206
5458,5458,3795,4330,2452
5468,5468,3820,3780,2067
5496,5496,3902,3898,2147
5507,5507,4322,3991,2133
5546,5546,3785,3910,2028
5455,5455,3735,3871,2089
5615,5615,3803,3768,2062
5481,5481,3793,3867,2217
5503,5503,3773,3803,2056
5448,5448,4264,3855,2224
5484,5484,4044,3747,2240
5501,5501,3953,3755,2113
5463,5463,3783,3909,2140
5480,5480,3799,3983,2060
5459,5459,3813,4166,2456
5502,5502,4155,3880,2157
5551,5551,3800,3794,2111
5449,5449,3779,3768,2023
5596,5596,3803,3757,2146
5510,5510,3796,3849,2167
5743,5743,3771,3899,1994
5578,5578,3823,3878,2153
5513,5513,3791,3803,2045
5427,5427,4159,3786,2033
5494,5494,3849,3741,2024
5540,5540,3823,3894,2137
5480,5480,3906,3792,2146
5663,5663,3777,3822,2072
5585,5585,3824,3822,2346
5483,5483,4205,3800,2057
5484,5484,3862,3753,2176
5589,5589,3683,3918,2194
5536,5536,3781,3875,2167
5536,5536,3784,3847,2077
5463,5463,3758,4042,2299
5470,5470,4584,3856,2107
5642,5642,3754,3811,1966
5604,5604,3804,3774,2159
5461,5461,3833,4013,2277
5528,5528,3757,3825,2040
5532,5532,3973,3992,2272
5485,5485,4258,3956,2188
5447,5447,3948,4139,2433
5791,5791,4156,3930,2162
5672,5672,3773,3749,1946
5484,5484,3795,3784,2076
5520,5520,3785,3924,2177
5493,5493,3705,3941,2180
5521,5521,3811,3882,2135
5489,5489,4290,4272,2557
5472,5472,3857,3862,2111
5512,5512,4200,3747,2090
5607,5607,3817,4198,2324
5698,5698,3795,3912,2166
5583,5583,3830,3882,2153
5618,5618,3927,4006,2305
5452,5452,3876,3873,2135
5590,5590,3849,3912,2255
5504,5504,3913,3720,2077
5652,5652,3757,3852,2058
5653,5653,3642,3997,2241
5524,5524,4194,3793,2039
5501,5501,3819,3791,2204
5477,5477,3737,4103,2411
5589,5589,3813,3844,2144
5438,5438,3815,3857,2071
5491,5491,3795,4326,2421
5457,5457,4200,3830,2127
5617,5617,3748,3933,2044
5496,5496,3790,3868,2101
5473,5473,3838,3799,2090
5450,5450,3758,3846,2093
5506,5506,3858,3835,2086
5486,5486,4054,3875,2098
5617,5617,3987,3833,2195
5532,5532,4329,3814,2063
5496,5496,3875,3791,2043
5634,5634,4144,3856,2078
5470,5470,4002,3779,2162
5516,5516,4515,3952,2220
5516,5516,3790,4133,2390
5493,5493,3748,3826,2122
5491,5491,3794,3992,2111
5478,5478,4184,3804,2048
5802,5802,3826,3960,2083
5549,5549,3779,3831,2083
5483,5483,3829,4089,2325
5429,5429,3796,3851,2119
5484,5484,3818,3743,2089
5476,5476,4352,3886,2163
5513,5513,3983,3674,2026
5633,5633,3769,3825,2073
5542,5542,3774,3792,2073
5506,5506,5171,3799,2078
5532,5532,3908,4268,2485
5501,5501,3741,4516,2567
5710,5710,3852,3888,2158
5667,5667,3897,4031,2244
5621,5621,3813,3864,2083
5484,5484,3575,4027,2266
5614,5614,3526,4312,2420
5446,5446,3541,3976,2264
5501,5501,3792,3853,2129
5486,5486,4204,3830,2088
5434,5434,3819,3811,2158
5494,5494,3823,3934,2195
5445,5445,3937,3698,2166
5569,5569,3866,3809,2094
5493,5493,3812,3800,2037
5470,5470,4187,3810,2033
5585,5585,3911,4070,2201
5573,5573,3480,4088,2351
5941,5941,3813,3793,2090
7001,7001,4036,4011,689
5476,5476,3796,4191,2430
5543,5543,4244,3852,2087
5788,5788,3790,3875,1996
5437,5437,3745,3826,2090
5506,5506,3782,3852,2087
5968,5968,3741,3803,1997
5528,5528,3771,3877,2293
5580,5580,3915,3942,2205
5529,5529,3949,3732,2068
5575,5575,3840,3889,1921
5438,5438,3775,3796,2056
5499,5499,3779,3812,2055
5517,5517,3801,3752,2159
5492,5492,3717,3917,2239
5536,5536,3831,4168,2426
5432,5432,3864,3951,2100
5477,5477,3796,3754,2028
5528,5528,4190,3833,2173
5628,5628,3887,3867,2026
5754,5754,3840,3836,2090
5846,5846,3857,3838,1925
5484,5484,3743,3767,1985
5494,5494,3823,3781,2060
5553,5553,4038,3983,2246
5474,5474,3975,3722,2044
5478,5478,3754,3835,2015
5475,5475,3776,3823,2091
5701,5701,3825,3760,2019
5472,5472,3891,4213,2469
5554,5554,4171,3908,2205
5452,5452,3789,3798,2186
5488,5488,3786,3875,2137
5464,5464,3839,3846,2026
5466,5466,3788,3818,2067
5688,5688,3825,3886,2000
5472,5472,3815,3904,2265
5486,5486,3824,3797,2077
5487,5487,4245,3785,2143
5514,5514,3856,3778,3742
5532,5532,3859,3983,2213
5532,5532,4253,3737,2074
5474,5474,3765,4007,2254
5602,5602,3765,3818,2279
5522,5522,4206,3904,2114
5634,5634,3921,3796,2162
5609,5609,4436,4002,2218
5691,5691,3914,3801,2084
5617,5617,4310,3814,2146
5539,5539,3839,3916,2178
5549,5549,4048,4137,2369
5656,5656,3762,3888,1963
5654,5654,3803,3951,2201
5621,5621,3829,3884,2155
5467,5467,3933,3803,2029
5457,5457,4209,3865,2101
5501,5501,4266,4005,2130
5468,5468,3907,3693,2322
5408,5408,4153,3775,2046
5477,5477,3853,3769,2035
5535,5535,3803,3880,2081
5443,5443,3754,3922,2169
5529,5529,3707,3893,2258
5799,5799,3833,3830,2102
5483,5483,4296,3830,2080
5526,5526,3776,3906,2177
5604,5604,3791,3887,2112
5778,5778,3824,3836,2203
5655,5655,3792,3874,2190
5457,5457,3887,3793,2053
5516,5516,3916,4006,2253
5496,5496,3836,3830,2068
5536,5536,3838,3954,2188
5408,5408,3873,3760,2083
5668,5668,3834,3872,2150
5650,5650,3792,3754,2041
5484,5484,4263,3834,2120
5439,5439,3823,3869,2112
5462,5462,3756,3913,2100
5525,5525,3770,3845,2111
5490,5490,3796,3877,2154
5516,5516,3794,3763,2309
5728,5728,4188,3798,1951
5565,5565,3807,3871,2073
5475,5475,3761,3879,2126
5459,5459,3763,3862,2110
5505,5505,3891,3772,2102
5443,5443,3780,3762,2133
5557,5557,3841,3955,2175
5529,5529,3951,3698,2148
5607,5607,3808,3782,1975
5596,5596,3759,3869,2159
5531,5531,4209,3750,2115
5458,5458,3847,3863,2115
5600,5600,3721,3958,2043
5657,5657,3892,4110,2376
5652,5652,3796,3833,2024
5654,5654,3842,3826,1998
5543,5543,4248,3879,2040
5670,5670,3786,4244,2367
5623,5623,3764,3969,2226
5554,5554,3777,3891,2131
5538,5538,3817,3835,2109
5451,5451,3893,3743,2118
5478,5478,4315,3999,2251
5466,5466,3932,3684,2119
5493,5493,3827,3875,2208
5601,5601,3867,3770,2134
5621,5621,3848,3812,2055
5561,5561,3769,3735,2337
5487,5487,3771,4423,2637
5496,5496,3862,4121,2389
5729,5729,3998,4028,2291
5679,5679,3771,3801,2045
5570,5570,3860,3780,2141
5583,5583,3895,4175,2300
5500,5500,3882,3803,2210
5589,5589,3902,3839,2151
5486,5486,4021,4272,2465
5632,5495,5632,3792,2060
5532,5532,3806,3910,2161
5617,5617,3914,3764,2129
5636,5636,3816,3794,2160
5466,5466,3784,3830,2064
5600,5600,5341,3912,2141
5683,5683,3756,3800,2232
5469,5469,3697,3851,2149
5536,5536,3757,3807,2066
5615,5615,3823,3826,2094
5477,5477,3761,4071,2389
5534,5534,4246,3863,2142
5622,5622,3788,3955,2039
5640,5640,3822,3873,2129
5502,5502,3815,3770,2141
5528,5528,3797,3828,2103
5749,5749,3798,3760,2043
5487,5487,3858,3923,2176
5599,5599,3977,3981,2327
5491,5491,3755,3824,2060
7458,7458,4360,4335,2776
5757,5757,3919,3818,2197
5551,5551,3784,3790,2214
5514,5514,3684,3921,2158
5565,5565,3747,4100,2381
5455,5455,3767,3841,2092
5545,5545,3818,3764,2024
5648,5648,4181,3897,1914
5617,5617,3805,3975,2079
5835,5835,3861,3828,1945
5485,5485,3835,3764,2022
5568,5568,3738,3925,2176
5631,5631,4144,3906,2171
5752,5752,4263,3885,2096
5554,5554,3862,3724,2053
5584,5584,4272,3790,2013
5718,5718,3769,3883,2218
5685,5685,3846,3887,2090
5494,5494,4010,4231,2475
5551,5551,4068,4043,2345
5522,5522,3837,3783,2059
5497,5497,3774,4061,2320
5780,5780,3811,4040,2242
5575,5575,3923,3788,2163
5675,5675,3783,4104,2184
5519,5519,3816,3816,2119
5817,5817,3846,3911,2021
5842,5842,4237,3985,1924
5622,5622,3814,3927,2052
5659,5659,3813,3949,2090
5622,5622,3852,3797,2004
5477,5477,3760,3875,2113
5538,5538,3748,4130,2342
5548,5548,4333,3711,2091
5481,5481,3663,4075,2355
5656,5656,3981,3844,2201
5603,5603,3825,3771,2004
5689,5689,3804,3972,2046
5683,5683,3770,3899,1935
5660,5660,4164,3948,2064
5926,5926,4166,4018,1981
5602,5602,3751,3875,2055
5492,5492,3761,3877,2103
5506,5506,3801,3811,2043
5592,5592,3918,3742,1983
5625,5625,4672,3919,2171
5445,5445,3843,4046,2420
5538,5538,4149,3849,2098
5522,5522,3902,3800,2060
5460,5460,3904,3828,2106
5513,5513,3790,3899,2142
5600,5600,3711,3889,2170
5575,5575,3904,4128,2124
5908,5908,4169,3857,2061
5457,5457,3946,3733,2112
5759,5759,3804,3937,2285
5609,5609,3708,4203,2320
5447,5447,3794,3919,2146
5517,5517,3894,3823,2134
5487,5487,4575,3859,2132
5515,5515,3928,3770,2039
5501,5501,3832,3838,2214
5563,5563,3849,3875,2217
5433,5433,3558,4014,2262
5497,5497,3834,3846,2064
5438,5438,4350,3832,2075
5476,5476,3694,3967,2216
5500,5500,3763,4035,2191
5536,5536,3928,3877,2180
5407,5407,3535,4039,2321
5469,5469,3799,3750,2314
5575,5575,4370,3949,2143
5617,5617,3773,3892,2012
5622,5622,3863,3844,1961
5475,5475,3681,4192,2274
5588,5588,4143,3906,1994
5519,5519,3595,3995,2235
5466,5466,3957,3853,2244
5654,5654,3849,3865,2189
5483,5483,3785,3997,2251
5507,5507,3569,4012,2294
5653,5653,4218,3870,2180
5588,5588,3763,3793,2222
5493,5493,3723,3965,2206
5637,5637,3823,4184,2410
5547,5547,3794,3996,2121
5522,5522,3872,3885,2124
5793,5793,4207,3937,2189
5656,5656,3854,3896,2007
5615,5615,3775,3841,2116
5498,5498,3806,3742,2020
5502,5502,3818,3762,2148
5723,5723,3790,3880,2106
5466,5466,4187,3895,2094
5745,5745,3820,3817,2116
5682,5682,3815,3966,2222
5496,5496,3784,3919,2161
5655,5655,3902,3865,2171
5536,5536,3873,4106,2408
5537,5537,3688,4398,2622
5639,5639,3598,3983,2198
5484,5484,4226,3819,2083
5525,5525,3823,3928,2192
5572,5572,3532,4415,2442
5661,5661,3856,4310,2400
5451,5451,3849,3938,2154
5600,5600,3823,3850,2060
5712,5712,4123,3853,2072
5594,5594,3794,3811,2068
5511,5511,3874,3872,2118
5474,5474,3957,3887,2207
5593,5593,3730,3787,2028
5647,5647,3773,3948,2241
5543,5543,4218,3809,2068
5524,5524,3763,4152,2232
5467,5467,3704,4241,2518
5448,5448,3846,3989,2274
5491,5491,3745,3823,2100
5487,5487,3767,4281,2495
5563,5563,4209,3919,2265
5599,5599,3826,3880,2025
5513,5513,3654,4019,2238
5704,5704,3715,3880,1997
6538,6538,3825,3858,2103
5615,5615,3808,3748,2131
5519,5519,3960,4076,2278
5499,5499,3883,3804,2231
5588,5588,3761,3921,2044
5539,5539,3746,4086,2329
5848,5848,3794,3708,2083
5548,5548,3744,3897,2154
6279,6279,3810,3977,2188
5512,5512,3875,4139,2436
5561,5561,3770,4023,2075
5543,5543,3887,3954,2161
5615,5615,4342,3846,2141
5800,5800,3820,3893,2004
5462,5462,3925,3879,2262
5597,5597,3749,3815,2116
5524,5524,3742,4212,2274
5450,5450,4049,3780,2026
5632,5632,4405,3817,2183
5514,5514,3830,3764,2074
5556,5556,3700,3988,2323
5462,5462,3849,3778,2049
5454,5454,4047,3695,2111
5508,5508,3820,3761,2487
5548,5548,4119,3831,2188
5509,5509,3876,3923,2199
5537,5537,3751,3978,2154
5438,5438,3886,3801,2116
5588,5588,3759,3948,2185
5642,5642,3781,3852,1965
5457,5457,3500,4258,2299
5545,5545,4272,3754,2123
5532,5532,4224,3812,2125
5542,5542,3891,3844,2068
5539,5539,3842,4039,2268
5525,5525,3954,3751,2117
5615,5615,3921,3920,2141
5484,5484,3806,3938,2329
5623,5623,4190,3875,2079
5556,5556,3845,3858,2119
5796,5796,3786,4139,2140
5680,5680,3840,3908,2121
5504,5504,3813,3916,2093
5482,5482,4104,3895,2171
5553,5553,4223,3914,2146
5733,5733,4352,4739,2120
5479,5479,3778,3855,2120
5691,5691,3986,3892,2108
5737,5737,3958,3818,2156
5535,5535,3790,3942,2149
5452,5452,4222,4025,2272
5463,5463,3788,4144,2443
5669,5669,4312,3797,2156
5455,5455,3832,3805,2051
5452,5452,3912,3921,3928
5604,5604,3830,4057,2144
5515,5515,3565,4216,2430
5584,5584,3854,3792,2095
5497,5497,4309,3837,2123
5654,5654,3806,3907,2043
5563,5563,3850,3853,2082
5589,5589,3944,4158,2291
5531,5531,3814,3880,2183
5599,5599,3811,3831,2040
5467,5467,4161,4146,2266
5687,5687,3897,3764,2028
5541,5541,3917,3949,2222
5476,5476,3848,3718,2145
5431,5431,3821,3833,2089
5479,5479,3768,3744,1999
5557,5557,4326,3834,2087
5479,5479,3664,4042,2283
5604,5604,3709,3945,2175
5483,5483,3851,3792,2125
5477,5477,3823,3847,2094
5502,5502,3756,4165,2426
5495,5495,4297,3884,2137
5923,5923,3804,3900,2017
5481,5481,3790,3800,2074
5517,5517,3842,3870,2100
5521,5521,3684,3944,2138
5462,5462,3634,3983,2295
5417,5417,3884,3899,2180
5559,5559,3839,3796,2127
5493,5493,3777,3906,2120
5501,5501,3744,3837,2104
5508,5508,4202,3898,2145
5673,5673,3877,3929,2030
5486,5486,3737,4069,2235
5542,5542,3855,4281,2367
5439,5439,3823,4141,2364
5752,5752,3740,3905,2135
5478,5478,4216,3824,2078
5755,5755,3761,3965,2093
5672,5672,3963,3833,2071
5563,5563,3841,3805,2066
5464,5464,3790,3992,2252
5478,5478,3954,3755,2126
5461,5461,4241,3878,2116
5524,5524,4007,3583,2162
5462,5462,3853,3812,2086
5492,5492,3638,3932,2237
5527,5527,3795,3818,2161
5487,5487,3848,4225,2428
5544,5544,3723,4361,2555
5510,5510,3881,3774,2021
5427,5427,4218,4073,2190
5457,5457,3824,3745,2104
5536,5536,3785,3847,2133
5642,5642,3821,4207,2326
5531,5531,3795,3873,2254
5692,5692,3829,3813,2049
5485,5485,4602,3907,2189
5575,5575,3758,3876,2141
5472,5472,3997,3950,2328
5520,5520,3795,3717,2164
5576,5576,3840,3900,2135
5481,5481,3783,3842,2079
5464,5464,4330,3890,2111
5462,5462,3894,3888,2100
5544,5544,4525,3895,2128
5668,5668,3921,3799,2069
5451,5451,3831,3834,2083
5594,5594,3820,4166,2384
5620,5620,4230,3947,2144
5626,5626,3773,3892,2123
5563,5563,3833,3860,2224
5505,5505,3905,3948,2216
5450,5450,3825,3876,2104
5859,5859,3872,3817,2107
5437,5437,3857,3934,2198
5503,5503,3945,3901,2044
5516,5516,3825,3795,2079
5563,5563,3831,3764,2030
6122,6122,3898,3959,2142
5570,5570,3806,3866,2159
6270,6270,3644,3963,2187
5515,5515,3859,4139,2371
5563,5563,3633,4116,2182
5671,5671,3872,3781,2041
5681,5681,4624,3796,2036
5686,5686,3778,3920,2021
5575,5575,3896,3776,1995
5528,5528,3783,3790,2059
5589,5589,4007,3813,2138
5431,5431,3865,3865,2111
5494,5494,4299,4059,2327
5615,5615,3875,3823,2143
5474,5474,3759,3966,2241
5462,5462,3763,3851,2125
5566,5566,3795,3875,2095
5501,5501,3778,3774,2388
5541,5541,4237,3981,2233
5477,5477,3957,3754,2012
6692,6692,3770,3833,826
5709,5709,3812,3792,2060
5476,5476,3817,3824,2070
5600,5600,3878,3936,2083
5482,5482,3855,3757,2145
5532,5532,3752,4262,2452
5557,5557,4207,3783,2133
5439,5439,3928,3821,2073
5698,5698,3851,4136,2372
5655,5655,3877,3762,2104
5488,5488,3804,3847,2042
5631,5631,3886,3706,2262
5510,5510,4221,3861,2129
5521,5521,3780,3837,2064
5587,5587,3859,3902,2164
5473,5473,3867,3893,2137
5552,5552,3824,3843,2312
5591,5591,3791,3809,2062
5541,5541,4309,3882,2091
5598,5598,3827,3942,2084
5406,5406,3805,3800,2048
5471,5471,3737,3948,2267
5469,5469,4216,3931,2161
5505,5505,3764,3822,2065
5449,5449,4363,3902,2304
5699,5699,4295,4011,2371
5451,5451,4301,3989,2311
5472,5472,3853,3796,2055
5488,5488,4197,3833,2128
5694,5694,3833,3761,2157
5545,5545,3849,3954,2198
5636,5636,3902,3756,2129
5538,5538,4253,3802,2124
5528,5528,4204,3830,2094
5518,5518,3760,3839,2083
5865,5865,3850,4218,2295
5460,5460,3609,4051,2316
5498,5498,4011,3790,2214
5655,5655,4230,3830,2066
5575,5575,5382,2509,3622
5883,5883,3804,3931,2180
5479,5479,3878,3822,2167
5497,5497,3943,4053,2279
5472,5472,3632,4215,2481
5454,5454,4279,3807,2068
5508,5508,3879,3859,2179
5481,5481,3841,4130,2395
5611,5611,3868,3905,2095
5565,5565,3803,4088,2302
5616,5616,3901,4114,2439
5492,5492,4152,3865,2066
5601,5601,3834,3905,2036
5466,5466,3924,3848,2112
5434,5434,3822,3822,2083
5678,5678,3907,3760,2109
5504,5504,3823,3860,2100
5497,5497,3978,3910,2181
5725,5725,4001,3578,2219
5527,5527,4218,3825,2055
5736,5736,3782,3815,2059
5476,5476,4195,3816,2063
5692,5692,3672,4067,2234
5510,5510,3797,3911,2214
5498,5498,3816,4183,2389
5690,5690,3841,3814,2070
5419,5419,3833,3764,2068
5502,5502,4240,3851,2240
5718,5718,3803,3848,1939
5460,5460,3875,3942,2199
5616,5616,3920,3787,2012
5709,5709,3810,3929,2152
5612,5612,3822,3820,2088
5482,5482,4269,3886,2109
5501,5501,3802,3758,2056
5460,5460,3751,3887,2164
5701,5701,3764,3820,2103
5785,5785,4229,3844,2117
5641,5641,3839,4182,2430
5621,5621,3729,4313,2565
5721,5721,3882,3849,2098
5487,5487,4195,3795,2137
5492,5492,3823,4067,2154
5469,5469,3874,3867,2088
5732,5732,3860,4192,2237
5858,5858,3882,3960,2259
5530,5530,3566,4000,2238
5482,5482,4234,3804,2052
5506,5506,3859,3823,2073
5464,5464,4008,3670,2242
5575,5575,3864,3720,2151
5512,5512,3874,3826,2089
5473,5473,3849,3796,2042
5519,5519,4280,3807,2065
5545,5545,3837,3646,2193
5490,5490,3786,3890,2136
5548,5548,3831,4133,2366
5446,5446,3782,4036,2064
5465,5465,3778,4257,2497
5916,5916,4281,3910,2111
5617,5617,3772,4213,2134
5498,5498,3845,3767,2029
5480,5480,3896,3751,2141
5586,5586,3788,3841,2178
5639,5639,3803,3837,2109
5605,5605,3893,3918,2196
5529,5529,3874,3826,2148
5524,5524,3824,3851,2067
5491,5491,3918,3773,2054
5616,5616,3799,3838,2134
5483,5483,3792,3980,2243
5493,5493,3786,3903,2134
5856,5856,4047,4214,2457
5515,5515,3703,3868,2109
5494,5494,3794,3812,2077
6005,6005,4225,3818,2056
5686,5686,3797,3905,2002
5477,5477,3796,3900,2091
5528,5528,3834,3732,2080
5510,5510,3907,3821,2154
5561,5561,2395,5246,3501
5562,5562,4317,3932,2209
5500,5500,3874,3696,2142
5441,5441,3851,3791,2082
5512,5512,3852,3779,2154
5515,5515,3936,3724,2164
5604,5604,3824,4242,2471
5502,5502,4129,3925,2269
5607,5607,3844,3832,2075
5516,5516,3851,3685,2110
5478,5478,3765,3834,2078
5708,5708,3757,3963,2152
5805,5805,3824,3919,2062
5484,5484,3729,3869,2089
5546,5546,3909,3819,2066
5472,5472,4192,3828,2052
5870,5870,3778,3859,2134
6025,6025,3656,4081,2359
5589,5589,3932,3870,2046
5479,5479,3841,3848,2027
5541,5541,3743,4136,2405
5455,5455,4231,3796,2087
5678,5678,3799,3925,2195
5586,5586,4459,3863,2198
5491,5491,3890,3837,2202
5636,5636,3818,3799,2084
5438,5438,3776,3833,2099
5520,5520,4450,4153,2463
5609,5609,3888,3859,1937
5486,5486,3991,3648,2082
5588,5588,3829,3712,2067
5466,5466,4085,4211,2445
5496,5496,3802,3737,2003
5675,5675,4658,3928,2222
5568,5568,4267,3664,2297
5431,5431,4179,3914,2051
5724,5724,3809,3835,2062
5458,5458,3768,3817,2069
5486,5486,3530,4105,2368
5681,5681,3851,3868,2244
5586,5586,3824,3996,1934
5455,5455,4192,3819,2078
5552,5552,3849,3740,2127
5477,5477,3781,3798,2064
5642,5642,3647,4335,2458
5436,5436,3949,3929,2149
5600,5600,3841,3834,2051
5457,5457,4173,3875,2121
5497,5497,3827,3770,2051
5634,5634,3809,3873,2107
5470,5470,3786,3706,2032
5529,5529,3822,3734,2087
5459,5459,3781,3743,2041
5484,5484,4230,3790,2039
5599,5599,3861,3890,2164
5547,5547,3714,3885,2118
5636,5636,3815,3728,2017
5431,5431,3762,3847,2109
6306,5502,3796,6306,2531
5477,5477,4234,3849,2094
5591,5591,3832,4056,2048
5564,5564,3809,3861,2125
5606,5606,3628,3888,2176
5595,5595,3821,3842,2091
5438,5438,3672,3841,2122
5534,5534,3810,3865,2117
5411,5411,3837,3741,2070
5569,5569,3843,3793,2082
5675,5675,3812,3746,2065
5499,5499,4298,3919,2152
5477,5477,3830,3847,2134
5608,5608,3701,3989,2187
5551,5551,3889,3950,2422
5473,5473,3803,3909,2155
5668,5668,3839,3744,2033
5655,5655,4267,4005,2045
5684,5684,3786,3878,1966
5498,5498,3856,3844,2098
5557,5557,4186,3851,2132
5686,5686,3864,3842,2067
5459,5459,3894,3808,2086
5477,5477,4258,3984,2239
5481,5481,3829,3762,2120
5504,5504,3803,3961,2030
5679,5679,3776,3981,2260
5507,5507,3750,3885,2068
5481,5481,3723,3816,2391
5571,5571,3700,4415,2561
5463,5463,4402,3988,2062
5926,5926,4218,3795,2069
5502,5502,3785,3769,2109
5615,5615,3770,3834,2045
5611,5611,4169,4168,2249
5489,5489,3793,3903,2165
5690,5690,3848,3826,2043
5508,5508,4540,3799,2060
5472,5472,3863,3859,2097
5507,5507,3859,3923,2143
5780,5780,3906,3891,2331
5596,5596,3739,3862,2098
5487,5487,3944,3861,2109
5431,5431,4195,3794,2108
5445,5445,3795,3922,2178
5510,5510,3773,3896,2143
5494,5494,3847,3851,2100
5845,5845,3735,3992,2208
5477,5477,3705,4146,2443
5495,5495,4148,3861,2080
5619,5619,3778,3888,1990
5497,5497,3782,3849,2089
5815,5815,3821,3783,2035
5575,5575,3784,3828,2042
5601,5601,3784,3749,2121
5610,5610,3852,3910,2065
5564,5564,3878,3764,2107
5494,5494,3821,3962,2246
5558,5558,3773,3808,2197
5530,5530,3903,3886,2134
5605,5605,3794,3958,2191
5559,5559,3711,3889,2159
5517,5517,3804,4147,2413
5510,5510,3668,3908,2151
5456,5456,3566,3996,2257
5520,5520,4121,3851,2063
5648,5648,3846,3931,2031
5468,5468,3758,3799,2067
5673,5673,3816,3853,2097
5558,5558,3799,3818,2039
5468,5468,3815,3740,2005
5495,5495,4259,3862,2102
5462,5462,3935,3685,2146
5431,5431,3796,3911,2138
5551,5551,3746,3803,2093
5476,5476,3525,4035,2266
5596,5596,3759,4347,2621
5713,5713,4139,3912,2136
5484,5484,3851,3800,2059
5564,5564,3873,3983,2152
5527,5527,3813,3780,2120
5539,5539,3890,3848,2068
5645,5645,3947,3936,2053
5466,5466,3793,3791,2081
5571,5571,3782,3794,2043
7481,7481,4196,3915,2084
5747,5747,3565,4280,2368
5499,5499,3822,3902,2147
5542,5542,3838,3721,2178
5495,5495,3778,3889,2105
5503,5503,3843,4158,2392
5462,5462,4165,3778,2054
5528,5528,3787,3765,2171
5494,5494,3734,4060,2308
5564,5564,4278,3849,2071
5525,5525,3814,3865,2091
5558,5558,3810,3770,2060
5594,5594,3998,4037,2229
5845,5845,3599,4050,2144
5468,5468,3758,3829,2069
5667,5667,3677,3911,2149
5598,5598,3875,3773,2123
5469,5469,3841,3799,2090
5491,5491,4318,3965,2194
5469,5469,4254,3678,2273
5459,5459,4452,3850,2101
5591,5591,3815,3770,2153
5533,5533,3813,3948,2199
5449,5449,3889,3941,2214
5584,5584,4018,3897,2226
5464,5464,3834,3748,2039
5487,5487,4182,3769,2165
5510,5510,3988,3819,2134
5491,5491,3867,3757,2013
5661,5661,3860,4197,2302
5525,5525,3735,3797,2051
5608,5608,3803,3788,2030
5443,5443,4201,3851,2098
5502,5502,3827,3744,2148
5493,5493,3909,3938,2208
5488,5488,3751,3791,2107
5505,5505,3928,3853,2128
5497,5497,3795,3832,2091
5536,5536,4681,3786,2040
5609,5609,3822,3903,2128
5699,5699,4541,3943,2166
5468,5468,4120,3750,2060
5451,5451,3791,3748,2164
5497,5497,3564,4301,2551
5539,5539,4267,3858,2093
5576,5576,3565,4051,2154
5482,5482,3580,4073,2353
5567,5567,3703,3823,2216
5469,5469,3806,3992,2239
5589,5589,3545,4011,2138
5688,5688,3843,3885,2049
5577,5577,3903,3691,2116
5492,5492,3794,3865,2121
5886,5886,3908,3915,2126
5594,5594,4238,3776,1993
5600,5600,3855,3742,2163
5511,5511,3703,4038,2222
5496,5496,4034,4094,2338
5492,5492,4073,3891,2136
5463,5463,3795,3918,2077
5626,5626,4364,3781,2171
5601,5601,3798,3969,2032
5446,5446,3897,3826,2167
5494,5494,3708,3989,2235
5526,5526,3893,3852,2101
5720,5720,3840,3823,2109
5598,5598,4268,3907,2170
5452,5452,3942,3796,2109
5513,5513,3789,3944,2255
5717,5717,3840,3753,1975
5589,5589,3794,4035,2246
5591,5591,3931,4190,2425
5495,5495,3818,4389,2637
5474,5474,3921,3864,2094
5513,5513,4114,4010,2247
5593,5593,3758,3811,2068
5555,5555,3893,3770,2135
5721,5721,3456,4183,2275
5623,5623,3663,3956,2161
5639,5639,3806,3839,2128
5454,5454,4149,3853,2125
5540,5540,3542,3974,2164
5571,5571,4265,3965,2225
5777,5777,3863,3807,2043
5450,5450,3820,3825,2043
5510,5510,3833,3917,2174
5647,5647,4183,3797,2142
5480,5480,3822,3938,2125
5500,5500,3699,4090,2347
5480,5480,3901,3913,2161
5562,5562,3872,3910,2120
5522,5522,3758,4183,2430
5444,5444,4170,3777,2020
5623,5623,3861,3849,2081
5476,5476,3808,3822,2106
5680,5680,3794,3808,1943
5506,5506,3815,3852,2119
5454,5454,3797,3803,2240
5589,5589,3968,3948,2174
5516,5516,3927,3736,2050
5515,5515,3871,3887,2083
5745,5745,3866,3768,2068
5544,5544,3838,3791,2054
5565,5565,3797,3849,2103
5462,5462,3807,3889,2119
5472,5472,3870,4138,2410
5431,5431,3874,3806,2071
5445,5445,3713,3860,2099
5499,5499,4509,3845,2098
5636,5636,3770,3863,1981
5471,5471,3805,3760,2004
5672,5672,3742,3777,2116
5522,5522,3796,4070,2265
5496,5496,3533,4049,2300
5455,5455,4314,3840,2181
5513,5513,3843,3736,2044
5559,5559,3792,3972,2177
5489,5489,3823,3868,2103
5467,5467,3774,4052,2304
5542,5542,3834,3751,2380
5456,5456,4146,3950,2234
5519,5519,3826,3868,2146
5585,5585,3954,3764,2166
5507,5507,3830,3836,2082
5458,5458,3867,3750,2043
5614,5614,3811,4020,2121
5653,5653,3833,3833,2017
5521,5521,3768,3773,2033
5549,5549,4385,3826,2148
5551,5551,3820,3841,2144
5493,5493,3979,3857,2182
5480,5480,3823,3940,2269
5482,5482,3827,3832,2136
5470,5470,3814,4137,2349
7256,7256,4379,3857,2082
5653,5653,3797,3854,2027
5488,5488,3694,3886,2264
5494,5494,3880,3732,2087
5504,5504,3794,3839,2046
5545,5545,4610,3807,2022
5538,5538,4299,3746,2018
5615,5615,3746,3895,2032
5468,5468,3881,3824,2194
5557,5557,3798,3793,2090
5504,5504,3836,3813,1999
5622,5622,3791,3765,2029
5546,5546,4219,4049,2307
5538,5538,3878,3644,2260
5549,5549,4194,3832,2069
5449,5449,3787,3757,2134
5512,5512,3763,3784,2060
5618,5618,3800,3984,2085
5510,5510,3762,3899,2232
5488,5488,3905,3798,2016
5499,5499,4329,5108,3424
5455,5455,3864,4048,2361
5515,5515,3814,3857,2103
5647,5647,3866,4131,2221
5545,5545,3810,3877,2109
5711,5711,3807,3794,2052
5445,5445,4288,3882,2110
5560,5560,3754,3799,2081
5482,5482,3847,3876,2231
5519,5519,3823,3743,2102
5484,5484,3745,3948,2195
5494,5494,3790,3812,2040
5510,5510,4254,3747,2097
5460,5460,3785,3847,2123
5524,5524,3732,3946,2215
5596,5596,3847,3776,2025
5501,5501,3796,3753,2049
5478,5478,3835,4140,2402
5467,5467,4163,3812,2067
5640,5640,3914,3900,1991
5488,5488,3823,3776,2018
5464,5464,3796,3787,2139
5600,5600,3766,3830,2175
5509,5509,3780,3834,2025
5589,5589,3839,3929,2171
5698,5698,3817,3741,2075
5497,5497,3834,3894,2132
5469,5469,3796,3817,2075
5477,5477,4210,3813,2030
5515,5515,3773,3802,2219
5765,5765,3784,4067,2149
5553,5553,3858,4146,2427
5586,5586,4133,3928,2168
5563,5563,3797,3924,2199
5452,5452,4158,3827,2082
5569,5569,3780,3945,2094
5652,5652,3794,3895,2154
5566,5566,3771,3805,2086
5485,5485,3788,3774,2141
5464,5464,3831,5182,2125
5514,5514,4271,3842,2108
5534,5534,3869,3934,2250
5556,5556,3890,3756,2127
5426,5426,3730,3791,2044
5479,5479,3777,3838,2119
5597,5597,3874,4288,2509
5547,5547,3790,4358,2546
5484,5484,3912,3827,2109
5479,5479,4202,3934,2122
5459,5459,3791,3769,2075
5645,5645,3849,3908,2101
5931,5931,3812,4187,2297
5491,5491,3870,3806,2068
5526,5526,3883,3764,2003
5536,5536,4179,3801,2175
5453,5453,3579,4116,2385
5509,5509,3920,3962,2233
5506,5506,3595,3878,2212
5607,5607,3759,3906,2139
5531,5531,4195,3778,2051
5519,5519,4248,3923,2159
5592,5592,3817,3864,2101
5560,5560,3745,3962,2180
5459,5459,3821,3855,2086
5428,5428,3845,3858,2097
5510,5510,3762,4142,2400
5442,5442,4238,3921,2030
5636,5636,3876,3818,2069
5536,5536,3749,3896,2126
5505,5505,3731,3898,2172
5472,5472,3636,4054,2356
5908,5908,4258,3838,1938
5500,5500,4257,3850,2109
5493,5493,3849,3833,2181
5453,5453,3665,3913,2149
5516,5516,3769,3827,2032
5497,5497,3808,3791,2145
5500,5500,3845,3829,2133
5569,5569,4127,3907,2241
5486,5486,3901,4085,2339
5481,5481,3771,3863,2125
5611,5611,3742,3779,2112
5594,5594,3829,3817,2168
5615,5615,3846,4069,2167
5476,5476,4229,3830,2119
5560,5560,3785,3773,2119
5528,5528,3900,3743,2093
5561,5561,3793,3781,2010
5484,5484,3927,3934,2245
5556,5556,3867,3758,2201
5502,5502,4248,3838,2124
5542,5542,3910,3758,2153
5514,5514,4269,3833,2085
5452,5452,3765,4224,2494
5523,5523,3807,3873,2231
5512,5512,3882,3828,2098
5489,5489,3966,4221,2472
5537,5537,3896,3815,2041
5816,5816,3815,3830,2154
5778,5778,3782,3879,1990
5837,5837,3886,3792,2162
5456,5456,3796,3904,2144
5567,5567,4046,3887,2140
5497,5497,3830,3738,2025
5482,5482,3915,3858,2147
5497,5497,3879,3717,2050
5624,5624,3761,3827,2042
5489,5489,3790,4152,2445
5546,5546,4306,3961,2161
5517,5517,3851,3796,2131
5537,5537,3781,3894,2182
5512,5512,3879,3871,2127
5527,5527,3748,3881,2213
5504,5504,3847,3736,2055
5472,5472,4352,3785,2038
5642,5642,3651,3979,2114
5603,5603,3815,3811,1947
5655,5655,3791,3923,2169
5579,5579,3875,3931,2138
5532,5532,3822,3744,2069
5625,5625,4239,3934,2192
5504,5504,3847,4181,2511
5432,5432,4255,3820,2077
5561,5561,3640,4013,2299
5747,5747,3716,3889,2162
5521,5521,4121,3953,2199
5584,5584,3732,3939,2167
5444,5444,3906,3799,2033
5520,5520,4171,3878,2171
5431,5431,3796,3752,2105
5545,5545,3809,3782,2086
5656,5656,3804,4172,2278
5535,5535,4186,3892,2091
5517,5517,3777,3740,2102
5578,5578,4193,3940,2160
5680,5680,3579,4080,2345
5465,5465,3901,3981,2199
5535,5535,3947,3650,2125
5525,5525,3843,3928,2117
5480,5480,3862,5386,3813
5569,5569,3890,4014,2305
5471,5471,3762,3875,2128
5520,5520,3805,3980,2146
5492,5492,3968,3852,2107
5545,5545,3814,3928,2093
5565,5565,3784,4145,2424
5579,5579,4177,3923,2156
5748,5748,3762,3885,2014
5445,5445,3947,3823,2091
5555,5555,3821,3735,2115
5507,5507,3889,3915,2101
5516,5516,3778,3865,2105
5452,5452,3919,3930,2187
5608,5608,3829,3698,2043
5532,5532,3797,3965,2183
5656,5656,3621,4122,2403
5469,5469,4279,3833,2074
5461,5461,3764,3958,2164
5511,5511,3719,3894,2179
5536,5536,3880,4117,2399
5528,5528,3741,3846,2082
5526,5526,3791,3812,2099
5510,5510,4163,3921,2161
5576,5576,3866,3861,1994
5430,5430,3905,3795,2135
5624,5624,3812,3806,2106
5471,5471,3785,3778,2061
5431,5431,3823,3864,2115
5482,5482,4311,3969,2210
5641,5641,3888,3802,2130
5486,5486,3927,3790,2127
5512,5512,3769,3994,2239
5429,5429,3815,3824,2167
5514,5514,3876,3736,2404
5606,5606,3766,4376,2631
5437,5437,3860,3789,2078
5481,5481,4183,3860,2129
5501,5501,3878,3774,2146
5484,5484,4206,4060,2036
5692,5692,3803,3806,2209
5451,5451,3795,3772,2037
5582,5582,3763,3738,2017
5502,5502,4254,3767,2063
5658,5658,3578,4033,2297
5412,5412,3971,3843,2241
5461,5461,3808,3740,2075
5530,5530,3801,3811,2039
5446,5446,3823,3717,2012
5548,5548,4168,3938,2171
5547,5547,4201,3934,2180
5508,5508,3721,3879,2127
5431,5431,3977,3868,2135
5440,5440,3783,3846,2125
5512,5512,3697,4154,2416
5518,5518,4218,3792,2043
5604,5604,3789,3928,2022
5473,5473,3792,3829,2072
5582,5582,3775,3895,2134
5551,5551,3804,3871,2183
5506,5506,3750,3887,2171
5460,5460,4011,3951,2201
5504,5504,3859,3622,2114
5563,5563,3715,3921,2175
5503,5503,3789,3762,2024
5473,5473,3791,3792,2048
5589,5589,3910,3902,2132
5556,5556,3732,3941,2223
5508,5508,3849,4130,2431
5493,5493,3778,3890,2130
5473,5473,3775,3800,2045
5477,5477,4185,3829,2105
5615,5615,3770,3830,1955
5476,5476,3864,3755,2133
5565,5565,3760,3945,2135
5515,5515,3731,3954,2176
5431,5431,3762,3836,2105
5461,5461,4184,3909,2214
5459,5459,3859,3734,2014
5472,5472,4206,3784,2030
5425,5425,3818,3778,2075
5511,5511,3806,3875,2146
5470,5470,3771,4213,2415
5517,5517,4211,3941,2227
5486,5486,3938,3784,2070
5474,5474,3770,3948,2157
5462,5462,3799,3835,2088
5586,5586,3788,3984,2163
5713,5713,3740,3897,2030
5462,5462,3816,3859,2201
5555,5555,3864,3774,2141
5475,5475,4205,3850,2071
5688,5688,4212,3769,2031
5541,5541,3832,4013,2244
5484,5484,3825,3695,2037
5452,5452,4171,3872,2117
5536,5536,3819,4156,2362
5503,5503,4230,3875,2101
5570,5570,3788,3892,2140
5570,5570,3741,3979,2214
5553,5553,3890,3863,2149
5485,5485,3803,3843,2161
5479,5479,3590,4020,2263
5455,5455,4539,3868,2095
5607,5607,3814,3894,1963
5573,5573,3924,3810,2034
5547,5547,3768,3885,2137
5448,5448,3796,3799,2036
5556,5556,3804,3796,2036
5511,5511,4247,3889,2187
5511,5511,3894,4099,2433
5469,5469,4274,3798,2224
5452,5452,3818,3788,2048
5482,5482,3786,3830,2057
5591,5591,3587,4008,2316
5553,5553,3629,4148,2497
5635,5635,3918,3828,2101
5499,5499,4197,3960,2122
5736,5736,3800,3791,2040
5502,5502,3760,3761,2022
5632,5632,3715,4189,2293
5463,5463,3907,3781,2116
5668,5668,3772,3803,2056
5534,5534,4177,3919,2201
6722,6722,3797,3848,2142
5514,5514,3930,3891,2132
5572,5572,3902,3679,2156
5459,5459,3990,3856,2115
5506,5506,3921,3644,2166
5464,5464,4257,3793,2015
5617,5617,3847,3911,2118
5514,5514,3787,3964,2293
5425,5425,3855,3795,2090
5490,5490,3779,3787,2134
5459,5459,3857,4117,2369
5528,5528,4207,3807,2156
5603,5603,3800,3823,2044
5511,5511,3800,3843,2113
5491,5491,3823,3782,2032
5516,5516,3762,3777,2103
5511,5511,3790,3819,2061
5614,5614,3830,3910,2188
5641,5641,3867,3806,2188
5411,5411,3773,3817,2085
5496,5496,3764,3784,2018
5557,5557,4177,3834,2098
5621,5621,3779,3959,2183
5449,5449,3715,3862,2204
5508,5508,3887,4160,2437
5540,5540,3759,3831,2095
5436,5436,3986,3823,2062
5533,5533,4191,3905,2169
5748,5748,3873,3787,1918
5483,5483,3753,3827,2102
5510,5510,3803,3804,2066
5510,5510,3802,3793,2149
5475,5475,3752,3768,2019
5495,5495,4208,3903,2260
5461,5461,3868,3697,2050
5557,5557,3765,3846,2083
5490,5490,3843,3793,2046
5529,5529,3919,3789,2101
5489,5489,3750,3770,2374
5501,5501,3743,4340,2532
5592,5592,3907,3826,2048
5471,5471,4557,3849,2094
5482,5482,3788,3772,2101
5548,5548,3803,3949,2164
5729,5729,3779,3860,2228
5506,5506,3832,3786,2047
5570,5570,3784,3816,2103
5612,5612,4165,3919,2199
5448,5448,3841,3908,2161
5507,5507,3837,3982,2179
5455,5455,3799,3778,2110
5455,5455,3805,3821,2049
5575,5575,3808,3852,2151
5480,5480,4246,3930,2160
5489,5489,4218,3758,2112
5538,5538,3699,4065,3511
5476,5476,3907,3732,2075
5469,5469,3937,3808,2076
5521,5521,3743,4237,2529
5539,5539,4167,3894,2112
5645,5645,3759,3929,2037
5532,5532,3799,3820,2163
5548,5548,3822,3870,2116
5502,5502,3768,3982,2218
5851,5851,4171,3835,2112
5503,5503,4259,3894,2237
5469,5469,3832,3740,1979
5495,5495,3830,3770,2139
5479,5479,3771,3780,2076
5424,5424,3799,3786,2085
5481,5481,3848,3894,2110
5753,5753,4129,3895,2145
5503,5503,3888,3753,2346
5554,5554,3788,3870,2113
5526,5526,3809,3841,2106
5633,5633,3866,3855,2081
5764,5764,3877,3968,2069
5579,5579,4171,3894,2109
5543,5543,3755,3892,2107
5506,5506,3797,3882,2084
5457,5457,3709,3819,2028
5460,5460,3885,3966,2167
5457,5457,3854,3771,2186
5481,5481,4342,3778,2150
5482,5482,3745,3819,2051
5543,5543,3858,3880,2083
5509,5509,3786,4234,2515
5578,5578,3717,3926,2262
5560,5560,3829,3837,2088
5877,5877,4151,3750,2099
5540,5540,3763,3801,2131
5430,5430,3917,3832,2084
5639,5639,3860,3908,1969
5507,5507,3754,3821,2060
5583,5583,3778,3826,2075
5495,5495,3770,4092,2323
5513,5513,3453,4103,2346
5670,5670,3955,3927,2184
5461,5461,3860,3774,2137
5458,5458,3780,3826,2027
5475,5475,3991,4224,2509
5533,5533,4168,3849,2104
5564,5564,3804,3907,2170
5525,5525,3732,3944,2166
5670,5670,3881,3843,2088
5539,5539,3879,3907,2178
5713,5713,3821,3770,2012
5450,5450,4344,3762,2084
5600,5600,3511,4047,2155
5441,5441,3813,3846,2088
5453,5453,3818,3769,2052
5483,5483,3713,3840,2056
5532,5532,3805,3843,2007
5543,5543,4285,3875,2103
5498,5498,3934,3669,2277
5448,5448,4344,3850,2115
5557,5557,3770,3797,2061
5501,5501,3968,3712,2145
5487,5487,3981,3974,2216
5478,5478,3769,3959,2206
5418,5418,3438,4433,2731
5481,5481,4814,3784,2096
5477,5477,4627,3727,2135
5434,5434,3583,4123,2398
5622,5622,3889,4173,2316
5476,5476,3579,4233,2388
5560,5560,3763,3952,2202
5432,5432,4127,3825,2101
5471,5471,3818,3786,2142
5574,5574,3862,3889,2157
5429,5429,3848,3653,2103
5461,5461,3859,3711,2096
5476,5476,3732,3831,2151
5911,5911,4806,3848,2012
5537,5537,3592,4092,2350
5853,5853,3794,3935,2157
5511,5511,3814,3882,2139
5507,5507,3796,3823,2128
5499,5499,3766,3697,2267
5439,5439,4259,3768,2020
5597,5597,3901,3869,2082
5537,5537,3898,3770,2155
5562,5562,3817,3736,2103
5469,5469,3624,4207,2456
5563,5563,3767,3786,2133
5520,5520,4002,3931,2207
5498,5498,3867,3732,2176
5459,5459,3784,3805,2032
5578,5578,3796,3878,2123
5483,5483,3985,4168,2422
5518,5518,3619,4064,2257
5487,5487,3718,3924,2154
5560,5560,3902,4190,2425
5479,5479,3824,3795,2056
5451,5451,3780,3768,2068
6397,6397,4260,3940,1435
5666,5666,3931,3855,2007
5487,5487,3741,3825,2054
5504,5504,3903,3810,2102
5643,5643,3869,3926,2121
5484,5484,3599,4018,2270
5444,5444,4242,3943,2144
5593,5593,3636,3928,2290
5543,5543,3772,3847,2109
5640,5640,3691,3904,2120
5529,5529,3780,3902,2127
5652,5652,3873,4188,2471
5574,5574,3741,4443,2566
5526,5526,3937,3850,2185
5517,5517,4180,3915,2107
5446,5446,3846,3817,2091
5639,5639,3703,4200,2513
5637,5637,4249,4186,2262
5501,5501,3900,3911,2192
5655,5655,3872,3730,2002
5503,5503,4204,3844,2113
5414,5414,3871,3782,2074
5472,5472,3812,4044,2267
5658,5658,3636,3980,2293
5500,5500,3845,3821,2050
5498,5498,3810,3768,2020
5600,5600,4182,3802,2101
5419,5419,3846,3888,2143
5473,5473,3773,3831,2111
5493,5493,3781,3842,2072
5514,5514,3861,3926,2176
5564,5564,3838,4110,2377
5572,5572,4337,3820,2134
5684,5684,3717,3894,2011
5490,5490,3816,3890,2082
5607,5607,3760,3803,2031
5472,5472,3735,3829,2053
5461,5461,3805,3820,2070
5630,5630,3945,3864,2195
5621,5621,3811,3928,3466
5446,5446,3788,3868,2072
5634,5634,3795,3770,2014
5487,5487,3827,3784,2062
5547,5547,3984,3953,2219
5500,5500,3786,4059,2297
5463,5463,3709,4115,2419
5493,5493,3808,3853,2062
5472,5472,3748,3790,2015
5481,5481,4298,3821,2180
5596,5596,3566,4063,2196
5452,5452,3800,3875,2113
5714,5714,3770,4030,2298
5590,5590,3783,3816,2074
5451,5451,3804,3844,2086
5541,5541,4254,3910,2138
5558,5558,3886,3749,2206
5695,5695,3807,3837,2056
5492,5492,3900,3902,2131
5513,5513,3864,3883,2118
5735,5735,3726,3841,2434
5533,5533,3940,4021,2267
5475,5475,3747,3888,2302
5536,5536,4020,3736,2088
5497,5497,3795,3839,2089
5590,5590,3841,3881,2106
5656,5656,3769,3865,2267
5498,5498,3898,3860,2064
5480,5480,3731,3742,2020
5638,5638,4163,3854,2029
5563,5563,3850,3784,2117
5667,5667,3567,4257,2446
5579,5579,3819,3819,2172
5569,5569,3900,3804,2170
5530,5530,3889,4119,2370
5492,5492,4195,3853,2085
5606,5606,3821,3742,2112
5788,5788,3629,4191,2359
5625,5625,4198,3794,2172
5485,5485,3849,3841,2105
5502,5502,3848,3765,1998
5481,5481,4230,3907,2147
5747,5747,3829,3885,2001
5449,5449,3812,3845,2099
5545,5545,3841,3854,2071
5458,5458,3788,3859,2116
5492,5492,3777,3783,2038
5489,5489,4325,3860,2228
5551,5551,3944,4033,2372
5505,5505,4172,3886,2145
5460,5460,3854,3810,2044
5514,5514,3812,3852,2109
5637,5637,3880,3952,2118
5554,5554,3724,3981,2184
5439,5439,3821,3719,2004
5451,5451,4206,3769,2028
5554,5554,3776,3787,2144
5440,5440,3916,3878,2052
5599,5599,3781,4197,2349
5549,5549,3817,3807,2029
5786,5786,3791,3805,2149
5608,5608,4208,3837,2078
5560,5560,3904,3994,2279
5654,5654,3817,4002,2205
5469,5469,3890,3695,2063
5475,5475,3806,3835,2089
5649,5649,3783,3774,2023
5498,5498,4381,3815,2098
5536,5536,3899,3953,2219
5615,5615,3734,3917,2126
5512,5512,3863,3798,2152
5544,5544,3896,3812,2074
5590,5590,3907,4063,2437
5482,5482,4287,3870,2134
5589,5589,3809,3928,2131
5483,5483,3778,3773,2159
5474,5474,3820,3777,2045
5597,5597,3930,3810,2155
5532,5532,3864,3822,2112
5614,5614,3836,3985,2206
5509,5509,3937,3731,2032
5492,5492,3766,4308,2481
5477,5477,3767,3870,2104
5567,5567,4204,3944,2193
5661,5661,3819,3874,2297
6425,6425,3707,3989,2276
5571,5571,3960,4241,2461
5608,5608,3754,3968,2195
5576,5576,3863,3845,2114
5595,5595,4089,4033,2284
5756,5756,3790,3956,2062
5612,5612,4052,4034,2262
5677,5677,3781,3838,2103
5681,5681,3683,4219,2479
5591,5591,3657,4024,2228
5830,5830,4208,3938,2165
5604,5604,3893,3847,2109
5582,5582,3773,3906,2169
5642,5642,3652,4038,2449
5718,5718,4128,3808,2146
5632,5632,3828,5257,3622
5739,5739,3926,4306,2675
5583,5583,3862,3975,2264
5603,5603,4527,3928,2161
5558,5558,3988,3879,2169
5591,5591,4239,3908,2140
5916,5916,3757,4193,2293
5621,5621,3810,3862,2101
5656,5656,3781,3974,2227
5571,5571,4246,3906,2143
5789,5789,3738,3895,2019
5762,5762,3946,4081,2274
5608,5608,3842,4044,2361
5640,5640,3868,3861,2096
5652,5652,3844,3850,2005
5698,5698,4122,3849,2088
5621,5621,3787,3897,2169
5598,5598,3801,3956,2172
5575,5575,3815,3861,2101
5432,5432,3927,3848,2112
5485,5485,3825,3813,2305
5517,5517,4351,3954,2231
5747,5747,3775,3862,1956
5640,5640,3846,3822,2185
5555,5555,3790,3822,2091
5656,5656,3847,3784,2082
5457,5457,3734,3808,2047
5475,5475,3939,3888,2239
5578,5578,3915,3803,2256
5557,5557,3847,3830,2092
5484,5484,3752,3762,2042
5543,5543,3758,3782,2024
5534,5534,3801,3864,2135
5552,5552,3758,3850,2211
5527,5527,3825,4148,2388
5673,5673,3850,4011,2270
5607,5607,3802,3749,2025
5466,5466,4248,3854,2095
5630,5630,3752,3915,2030
5484,5484,3859,3923,3521
5565,5565,3806,3865,2120
5450,5450,3759,3872,2123
5510,5510,3775,3761,2060
5465,5465,4360,3831,2205
5524,5524,3862,3732,2188
5518,5518,3835,3809,2125
5462,5462,3875,3763,2139
5700,5700,3770,3789,2261
5448,5448,3684,4021,2707
5529,5529,4114,3891,2303
5494,5494,3821,3909,2174
5438,5438,3855,3856,2123
5476,5476,3784,3862,2075
5602,5602,3854,3798,2090
5659,5659,3818,3867,2003
5563,5563,3691,3948,2190
5459,5459,3850,3845,2090
5471,5471,4338,3838,2124
5437,5437,3923,3922,2210
5630,5630,3856,3873,2131
5538,5538,3815,3830,2174
5469,5469,3800,3830,2051
5463,5463,3853,4182,2417
5548,5548,4156,3781,2181
5444,5444,3758,3902,2106
5457,5457,3789,3854,2216
5457,5457,3776,3860,2057
5533,5533,4366,3851,2173
5585,5585,3569,3988,2253
5562,5562,4270,3838,2107
5675,5675,3686,3965,2077
5462,5462,3800,3862,2109
5514,5514,3820,3763,2062
5539,5539,4292,3884,2152
5532,5532,3832,3834,2105
5493,5493,4274,4034,2284
5514,5514,3684,4122,2470
5464,5464,4200,3794,2068
5479,5479,3808,4086,2385
5464,5464,3801,3891,2128
5458,5458,3776,3717,2133
5489,5489,3801,3957,2257
5491,5491,3785,3823,2065
5642,5642,4264,3882,2142
5460,5460,3786,3901,2163
5507,5507,3890,3810,2047
5542,5542,3840,4129,2271
5595,5595,3792,3973,2230
5566,5566,3704,3928,2164
5516,5516,4434,3965,2161
5480,5480,3814,3948,2163
5423,5423,3869,3860,2136
5654,5654,3802,3899,2222
5499,5499,4238,3793,2049
5369,5369,3824,3815,2102
5437,5437,4192,3826,2092
5550,5550,3923,3991,2244
5536,5536,3492,4046,2302
5473,5473,3833,3796,2085
5570,5570,3770,3776,2048
5484,5484,3832,4185,2495
5414,5414,4258,3854,2124
5682,5682,3901,3864,1982
5480,5480,3795,3783,2030
5517,5517,3852,3782,2117
5507,5507,3766,3846,2097
5463,5463,3795,3856,2109
5549,5549,3841,3916,2147
5549,5549,3855,3903,2247
5486,5486,3767,3833,2049
5415,5415,4185,3814,2113
5476,5476,4158,3863,2116
5495,5495,3812,4028,2227
5536,5536,3717,3840,2124
5461,5461,3716,4139,2423
5457,5457,3787,3826,2088
5499,5499,3812,3803,2061
5433,5433,4233,4142,2405
5580,5580,3713,3943,2067
5529,5529,5444,3792,2017
5529,5529,3820,3899,2142
5493,5493,3791,3791,2076
5459,5459,3733,3890,2143
5488,5488,4282,3859,2089
5719,5719,4879,3943,2268
5535,5535,3810,3841,2060
5454,5454,3706,3894,2167
5530,5530,3947,3829,2158
5498,5498,3887,4245,2513
5553,5553,3695,4359,2686
5463,5463,3759,3825,2135
5547,5547,4244,3892,2227
5518,5518,3643,3963,2262
5442,5442,3843,3788,2067
5636,5636,3731,4282,2374
5597,5597,3810,3762,2044
5476,5476,3799,3785,2025
5551,5551,4239,3839,2161
5555,5555,3994,3787,2119
6487,6487,3824,3875,1349
5498,5498,3904,3768,2097
5394,5394,3804,3796,2109
5512,5512,3849,3832,2077
5462,5462,4283,3875,2142
5456,5456,3539,4060,2363
5528,5528,3967,4145,2346
5556,5556,3788,3799,2071
5900,5900,3818,3763,2098
5475,5475,3894,4235,2483
5705,5705,4291,3817,2037
5670,5670,3779,3865,1979
5695,5695,3718,3843,2101
5652,5652,3792,3981,2207
5452,5452,3884,3928,2168
5847,5847,4137,3727,1990
5701,5701,4267,3980,2178
5887,5887,3820,3779,2113
5574,5574,3799,3955,2182
5668,5668,3805,3768,2068
5439,5439,3943,3797,2089
5573,5573,3750,3862,2120
6334,6334,4269,3981,2252
5562,5562,3838,4148,2372
5448,5448,3742,3849,2119
5594,5594,3807,3821,2114
5623,5623,3895,3770,2047
5650,5650,3662,3900,2055
5595,5595,4188,3765,2052
5477,5477,3812,3778,2019
5505,5505,3785,3805,2052
5483,5483,3784,3796,2029
5541,5541,3855,3977,2231
5546,5546,3950,3819,2077
5419,5419,4232,3945,2214
5726,5726,3790,3836,2080
5484,5484,3481,4073,2281
5405,5405,3825,4323,2559
5513,5513,3703,3868,2158
5854,5854,3739,3823,3506
5430,5430,4286,3969,2232
5441,5441,3823,3785,2079
5559,5559,3897,3912,2115
5629,5629,3646,3894,2008
5517,5517,3785,3780,2112
5535,5535,3809,3813,2286
5470,5470,4131,3832,2057
5443,5443,3824,3723,2131
5636,5636,3919,3933,2205
5504,5504,3835,3706,2135
5599,5599,3830,3903,2102
5516,5516,3807,3714,2294
5726,5726,4558,3758,2028
5699,5699,3825,3823,2057
5526,5526,3714,4075,2283
5507,5507,3551,4111,2400
5447,5447,3688,4153,2421
5496,5496,3506,4163,2501
5455,5455,4312,3844,2097
5642,5642,3826,3835,1950
5419,5419,3541,4022,2260
5477,5477,3782,3796,2061
5450,5450,3650,3993,2291
5510,5510,3872,3824,2076
5438,5438,4256,3928,2215
5503,5503,3836,4134,2511
5494,5494,3937,3995,2313
5528,5528,3593,3989,2210
5720,5720,3775,3871,2131
5518,5518,3767,3852,2132
5589,5589,3776,3998,2277
5531,5531,3827,3847,2079
5457,5457,4204,3864,2119
5642,5642,3917,3772,2055
5463,5463,3870,3933,2201
5695,5695,3752,4374,2460
5456,5456,3793,3883,2109
5515,5515,3864,3835,2082
5505,5505,4187,3825,2147
5648,5648,3799,3838,2031
5454,5454,3834,4005,2199
5438,5438,3828,3704,2030
5537,5537,3860,3917,2194
5589,5589,3776,3941,2166
5523,5523,4207,3822,2041
5510,5510,3741,3895,2133
5515,5515,3557,3999,2241
5472,5472,3819,3788,2073
5409,5409,3781,3799,2042
5475,5475,3846,4333,2580
5485,5485,4217,3850,2141
5569,5569,4080,3857,1982
5456,5456,3832,3802,2150
5499,5499,3811,3818,2070
5601,5601,3756,3796,2017
5654,5654,3794,3803,2081
5492,5492,3799,3942,2102
5539,5539,3823,3775,2100
5571,5571,3951,3781,2059
5518,5518,3774,3940,2160
5619,5619,4192,4076,2332
5483,5483,3787,3890,2161
5489,5489,3712,3918,2132
5455,5455,3812,3759,2323
5451,5451,3825,3780,2128
5518,5518,3748,3874,2135
5519,5519,4258,3823,2113
5617,5617,3869,3927,2015
5543,5543,3770,3801,2134
5574,5574,3782,3803,2080
5563,5563,3814,3845,2110
5485,5485,3793,3936,2147
5678,5678,4331,3842,2185
5456,5456,3853,3762,2092
5477,5477,3797,3811,2138
5461,5461,3916,3795,2073
5477,5477,3788,3854,2101
5476,5476,3707,4104,2389
5529,5529,3706,4384,2646
5461,5461,4882,4067,2363
5665,5665,4392,3862,2189
5466,5466,3775,3770,2052
5421,5421,3833,3804,2034
5748,5748,3724,4119,2222
5608,5608,4933,3791,2082
5673,5673,3789,3815,2064
5535,5535,4463,3897,2097
5452,5452,3807,3807,2031
5602,5602,3893,3922,2147
5565,5565,3641,3930,2212
5503,5503,3914,3864,2130
5463,5463,3791,3792,1998
5510,5510,4226,3862,2033
5668,5668,3588,4221,2499
5627,5627,4494,3888,2192
5475,5475,3743,3802,2044
5447,5447,3921,3796,2029
5463,5463,3822,3686,2279
5471,5471,4256,3904,2177
6095,6095,3807,3907,1560
5543,5543,3769,3913,2106
5616,5616,4094,3521,2144
5490,5490,3777,4000,2149
5571,5571,3845,3813,2157
5453,5453,3763,4074,2304
5488,5488,4059,3626,2185
5447,5447,3752,3827,2083
5503,5503,3795,3868,2093
5493,5493,3761,3783,2056
5622,5622,3773,3717,2151
5524,5524,3958,3952,2218
5514,5514,4139,4220,2462
5553,5553,3807,4001,2064
5457,5457,3854,3816,2130
5741,5741,4194,3852,2056
5569,5569,3801,3915,2038
5474,5474,3791,3772,2039
5499,5499,3802,3811,2077
5467,5467,3747,3933,2099
5480,5480,3704,3874,2146
5422,5422,4367,3802,2201
5465,5465,3803,3879,2098
5518,5518,3797,3754,1985
5506,5506,4173,3802,2061
5494,5494,3774,3902,2127
5513,5513,3868,4208,2430
5566,5566,4086,3902,2134
5519,5519,3864,3727,1980
5459,5459,3733,3780,2075
5465,5465,3790,3781,2041
5493,5493,3923,3921,2124
5642,5642,3792,3883,1986
5455,5455,3811,3886,2089
5488,5488,3801,3843,2098
5484,5484,4277,3866,2106
5477,5477,3802,3798,2114
5448,5448,3845,3971,2197
5460,5460,3842,3663,2038
5494,5494,3783,4162,2084
5499,5499,3886,4239,2488
5439,5439,4180,3731,1995
5432,5432,3792,3818,2122
5473,5473,3691,3933,2257
5423,5423,3759,3809,2119
5541,5541,3884,3935,2137
5596,5596,3833,3716,2006
5586,5586,4353,3924,2175
5726,5726,3823,4113,2226
5594,5594,3851,3875,2120
5715,5715,3767,3801,2078
5721,5721,3757,3800,2102
5447,5447,3782,3772,2057
5536,5536,4310,3945,2168
5550,5550,3824,3691,2272
5510,5510,4598,3800,2033
5469,5469,3752,3876,2128
5591,5591,3816,3849,2089
5611,5611,3809,3859,2128
5544,5544,4487,3915,2156
5618,5618,3770,3828,2090
5445,5445,4194,3826,2091
5482,5482,3762,3821,2074
5406,5406,4248,4033,2252
5646,5646,3808,4183,2304
5496,5496,3808,3849,2220
5532,5532,3793,3819,2077
5535,5535,4283,3761,2129
5615,5615,3656,3969,2248
5484,5484,3882,3929,2216
5511,5511,3823,3737,2080
5521,5521,3774,3849,2103
5432,5432,4224,3774,2050
5470,5470,4230,3880,2113
5526,5526,3792,3752,2165
5508,5508,3778,3941,2115
5502,5502,3875,4015,2258
5481,5481,3743,3867,2134
5459,5459,3845,4166,2406
5595,5595,4282,3763,2023
5833,5833,3523,4068,2167
5594,5594,3869,3774,2132
5505,5505,3823,3829,2083
5459,5459,3747,3876,2049
5571,5571,3589,4225,2506
5683,5683,3931,3918,2230
5457,5457,3820,3720,2181
5448,5448,3738,3793,2031
5449,5449,3774,3793,2011
5536,5536,4225,3961,2199
5497,5497,3583,4362,2591
5571,5571,4530,3891,2145
5530,5530,3797,4128,2377
5458,5458,3784,3833,2083
5487,5487,3799,3773,2114
5628,5628,4332,3861,2184
5582,5582,3802,3871,2096
5433,5433,3784,3853,2099
5614,5614,3783,3920,2222
5558,5558,3874,3816,2186
5600,5600,3776,3853,2090
5733,5733,4261,3914,2256
5623,5623,3849,3758,2123
5574,5574,3745,3881,2174
5480,5480,3832,3844,2070
5541,5541,3775,3977,2199
5502,5502,3765,4151,2405
5551,5551,3750,4269,2662
5505,5505,3853,3775,2104
5486,5486,4199,3938,2209
5455,5455,3973,3757,2063
5487,5487,3806,3874,2176
5673,5673,3771,4153,2252
5490,5490,3554,4029,2292
5488,5488,4051,3943,2253
5658,5658,4147,3787,2083
5515,5515,3758,3787,2152
5721,5721,4051,3796,2220
5611,5611,3898,3825,2167
5545,5545,3242,4492,2715
5575,5575,3768,3869,2097
5458,5458,4312,3851,2166
5481,5481,3595,4107,2300
7599,7599,3812,3872,2143
5491,5491,3762,3958,2153
5446,5446,3891,3839,2094
5610,5610,3777,3752,2317
5484,5484,4182,3817,2060
5730,5730,3838,3842,2097
5622,5622,3791,3821,2079
5736,5736,3794,3882,2130
5485,5485,3950,3796,2158
5564,5564,3787,3954,2220
5591,5591,3916,4058,2253
5615,5615,3706,3845,2208
5427,5427,3809,3824,2095
5499,5499,3761,3965,2247
5549,5549,3805,3836,2119
5510,5510,3925,3773,2213
5771,5771,3881,3980,2225
5515,5515,3783,4219,2483
5510,5510,3782,3848,2102
5439,5439,3831,3827,2111
5594,5594,4200,3951,2155
5581,5581,3752,3945,2060
5487,5487,3821,3941,2165
5693,5693,3792,3782,2110
5523,5523,3941,3770,2095
5526,5526,3777,3795,2038
5645,5645,4333,3875,2194
5495,5495,3902,3712,2130
5536,5536,3820,3797,2108
5469,5469,3867,3933,2188
5460,5460,3841,3738,2116
5485,5485,3734,4399,2646
5561,5561,4088,3899,2142
5498,5498,3901,3831,2063
5719,5719,3709,3921,2197
5484,5484,3862,3982,2105
5508,5508,3750,4007,2135
5571,5571,3820,3959,2175
5651,5651,3799,3951,2188
5490,5490,3929,3788,2121
5702,5702,4240,3807,2020
5784,5784,3810,3889,2141
5502,5502,3785,3929,2172
5675,5675,3822,3760,1969
5523,5523,3849,3876,2157
5460,5460,3626,4220,2441
5501,5501,4177,3786,2039
5516,5516,3707,3941,2184
5701,5701,3707,3865,2101
5461,5461,3774,3851,2057
5533,5533,3761,3835,2144
5513,5513,3809,3808,2039
5454,5454,4231,3857,2037
5679,5679,3793,3937,2059
5470,5470,3749,3778,2037
5432,5432,4382,3369,2192
5877,5877,3767,3844,2081
5457,5457,3898,3853,2111
5568,5568,4343,3865,2236
5492,5492,3897,3738,2299
5468,5468,4161,3818,2066
5641,5641,3606,3942,2199
5765,5765,3820,3850,2081
5494,5494,3915,3815,2198
5517,5517,4476,4075,2254
5630,5630,3797,3778,2056
5536,5536,4188,4012,2254
5747,5747,3811,3801,2097
5413,5413,3774,3874,2091
5591,5591,3789,4206,2273
5446,5446,3829,4019,2226
5440,5440,3865,3791,2023
5493,5493,4214,3813,2076
5494,5494,3911,3743,2153
5711,5711,3872,3909,2251
5654,5654,4003,3695,2174
5480,5480,3769,3806,2046
5721,5721,3811,3779,1894
5490,5490,4180,3771,2036
5465,5465,3793,3916,2150
5498,5498,3765,3932,2259
5559,5559,3776,3928,2137
5478,5478,3770,3833,2134
5486,5486,3637,4160,2422
5529,5529,4172,3901,2139
5613,5613,3783,3894,1947
5702,5702,3910,3837,2019
5536,5536,3845,3796,2027
5511,5511,3719,3902,2135
5568,5568,3789,3822,2049
5607,5607,3861,3859,2186
5565,5565,3848,3797,2152
5451,5451,3740,3830,2064
5511,5511,3765,3854,2065
5511,5511,4205,3857,2118
5465,5465,3743,3915,2183
5677,5677,3793,3902,2199
5674,5674,3813,4154,2421
5466,5466,3749,3994,2204
5521,5521,3822,3834,2105
5596,5596,4331,3848,2001
5695,5695,3784,3886,1964
5486,5486,3870,3950,2166
5489,5489,3740,3820,2061
5473,5473,3825,3757,2042
5486,5486,3816,3874,2134
5466,5466,4676,3855,2107
5457,5457,3814,3735,2059
5517,5517,3853,3841,2128
5547,5547,3795,3832,2122
5494,5494,3761,3831,2023
5513,5513,3787,4246,2447
5487,5487,3843,4359,2592
5503,5503,4189,3787,2024
5611,5611,4645,3840,2108
5538,5538,3880,3882,2123
5799,5799,3785,3774,2123
5677,5677,3709,3900,2162
5500,5500,4365,3810,2059
5584,5584,3760,3787,2038
5676,5676,4187,3828,2044
5550,5550,3581,4093,2267
5487,5487,3951,3881,2132
5457,5457,3811,3691,2107
5497,5497,4257,3822,1996
5610,5610,3797,3824,2074
5488,5488,4118,3834,2070
5500,5500,3759,3897,2112
5563,5563,3710,3894,2131
5563,5563,3753,3779,2143
5488,5488,3894,3763,2097
5466,5466,3741,4117,2360
5483,5483,4117,3870,2006
5640,5640,3845,3967,2088
5483,5483,3790,3806,2027
5546,5546,3843,3847,2101
5476,5476,3821,3868,2142
5842,5842,4101,3806,2047
5633,5633,4360,3905,2257
5459,5459,3908,3772,2143
5605,5605,3929,3791,2164
5600,5600,3828,3935,2136
5439,5439,3748,3826,2108
5473,5473,3753,3834,2096
5633,5633,4211,3883,2214
5459,5459,3827,4127,2381
5483,5483,3843,3796,2086
5535,5535,3886,3760,2118
5582,5582,3771,3941,2127
5660,5660,3848,3814,1942
5559,5559,4179,3948,2131
5454,5454,4179,3803,2020
5541,5541,3795,3796,2051
5518,5518,3530,4018,2281
5578,5578,3828,3867,2263
7466,7466,4392,3952,731
5517,5517,4083,3818,2118
5470,5470,3851,3688,2145
5487,5487,3832,3826,2038
5554,5554,3807,4216,2402
5733,5733,3766,3939,2215
5574,5574,3789,3828,2084
5474,5474,3794,3804,2067
5491,5491,3818,3827,2052
5502,5502,3990,3791,2054
5665,5665,3985,3866,2075
5671,5671,3870,3845,1960
5501,5501,3779,3742,2011
5435,5435,4201,3821,2075
5439,5439,3770,3826,2096
5462,5462,3812,3947,2148
5506,5506,3858,3742,2035
5431,5431,3782,3756,2043
5460,5460,3785,3762,2335
5670,5670,4232,3794,2050
5485,5485,3825,3912,2175
5641,5641,3782,3883,2146
5484,5484,3761,3875,2123
5505,5505,3771,3908,2168
5618,5618,3792,3824,2060
5580,5580,4309,3886,2139
5660,5660,3897,4035,2156
5662,5662,3854,3802,2175
5503,5503,3854,3742,2134
5497,5497,3808,3881,2100
5493,5493,3620,3996,2247
5589,5589,4238,3978,2264
5471,5471,3975,3704,2328
5499,5499,4610,3845,2044
5487,5487,3822,3780,2087
5522,5522,3750,3808,2167
5474,5474,3743,3954,2212
5665,5665,3807,3894,2243
5442,5442,3828,3790,2042
5509,5509,4216,3962,2178
5622,5622,4170,3793,2092
5483,5483,3832,3792,2128
5668,5668,3902,4206,2298
5558,5558,3847,3828,2074
5513,5513,3821,3853,2112
5484,5484,4586,3909,2133
5483,5483,3565,4153,2430
5650,5650,3901,3943,2158
5455,5455,3901,3647,2117
5542,5542,3765,3776,2145
5487,5487,3840,3778,2035
5575,5575,4242,3821,2042
5536,5536,3788,3857,2100
5589,5589,4046,3947,2273
5486,5486,3775,3793,2124
5430,5430,3782,3809,2203
5547,5547,3795,4181,2428
5451,5451,4561,3889,2108
5809,5809,3886,3935,1988
5489,5489,3818,3789,2148
5462,5462,3891,3770,2145
5459,5459,3766,3874,2097
5579,5579,3767,3784,2036
5425,5425,3867,3841,2194
5660,5660,3837,3734,2168
5432,5432,3769,3889,2103
5490,5490,3759,3952,2184
5475,5475,3915,3967,2280
5464,5464,3820,3847,2109
5483,5483,3658,4138,2416
5482,5482,3845,4229,2482
5443,5443,3764,3837,2098
5621,5621,3788,3934,2147
5589,5589,4221,3839,2096
5611,5611,3617,4089,2204
5547,5547,3788,3829,2021
5475,5475,3813,3856,2088
5633,5633,3934,3887,2157
5582,5582,3923,3891,2242
5585,5585,4239,3938,2161
5488,5488,3847,3733,2064
5538,5538,3802,3859,2072
5450,5450,3825,3827,2108
5453,5453,3874,3931,2190
5534,5534,3828,3748,2329
5610,5610,3804,4375,2612
5447,5447,3851,3794,2094
5538,5538,4308,3754,2127
5629,5629,3850,3753,2159
5458,5458,3937,3915,2185
5772,5772,3888,4186,2266
5423,5423,3830,3846,2205
5498,5498,3902,3748,2144
5450,5450,4134,3789,2054
5479,5479,3869,3763,2086
5546,5546,3970,3920,2181
5484,5484,3879,3738,2161
5569,5569,3999,3785,2118
5572,5572,3980,3775,2145
5472,5472,4217,3853,2095
5547,5547,3817,3989,2214
5522,5522,3877,4025,2235
5496,5496,3931,3681,2070
5417,5417,3939,3821,2186
5679,5679,3718,4155,2412
5518,5518,4273,3852,2059
5895,5895,3830,3987,2098
5491,5491,3756,3827,2098
5524,5524,3661,4016,2270
5525,5525,3636,3932,2221
5963,5963,4187,3837,2083
5626,5626,4230,3964,2197
5484,5484,3982,3724,2071
5500,5500,3871,4021,2141
5590,5590,3750,3806,2048
5474,5474,4080,3856,2072
5557,5557,3781,3917,2181
5536,5536,4196,3881,2271
5535,5535,4067,4124,2381
7012,7012,3896,3832,2086
5523,5523,3803,3814,2083
5854,5854,3796,3877,2125
6038,6038,3788,3967,2130
5653,5653,4220,3757,2199
5627,5627,4551,3825,2049
5648,5648,3805,3914,2185
5507,5507,3745,3735,1982
5406,5406,3879,3955,2217
5459,5459,3971,3886,2296
5451,5451,4413,3839,2079
5474,5474,3881,3752,2121
5484,5484,4007,3604,2091
5464,5464,3878,4223,2455
5469,5469,3936,3716,2200
5505,5505,3587,4041,2300
6022,6022,4146,3884,2129
5583,5583,4027,3826,2116
5496,5496,3813,4087,2390
5629,5629,3845,4105,2181
5956,5956,3811,3867,1701
5612,5612,3777,3859,2152
5733,5733,3837,3776,2002
5546,5546,3621,4154,2404
5557,5557,3956,3937,2181
5619,5619,4237,3689,2130
5480,5480,3796,3853,2083
5499,5499,3772,3806,2306
5575,5575,4113,3873,2164
5510,5510,3801,4041,2299
5482,5482,4283,4057,2280
5498,5498,3711,3956,2315
5550,5550,3594,3971,2201
5656,5656,3592,4013,2125
5742,5742,4209,4006,2288
5825,5825,4199,3912,2016
5511,5511,3848,3769,2089
5614,5614,3899,3797,2163
5454,5454,3786,3796,2060
5565,5565,3853,3770,2049
5458,5458,4247,3946,2232
5484,5484,3857,4227,2531
5484,5484,4536,3849,2076
5482,5482,3850,3829,2086
5485,5485,3516,4122,2340
5453,5453,3787,3901,2162
5483,5483,3821,3995,2214
5467,5467,3816,3844,2108
5444,5444,4211,3807,2026
5602,5602,3759,3818,2096
5444,5444,3814,3931,2162
5616,5616,3819,3820,2236
5569,5569,3815,3900,2093
5586,5586,3854,3849,2102
5602,5602,4166,3869,2163
5591,5591,3779,3814,2139
5555,5555,3854,3915,2143
5458,5458,3864,3801,2121
5590,5590,3808,3792,2074
5483,5483,5027,2594,3010
5471,5471,4230,3794,2036
5531,5531,3902,3898,2143
5519,5519,3772,3925,2193
5489,5489,3718,3859,2110
5546,5546,3846,3877,2167
5543,5543,3796,4128,2386
5440,5440,4142,3887,2099
5608,5608,3784,3920,2095
5714,5714,3823,3911,2139
5455,5455,3869,3856,2122
5694,5694,3991,3737,2147
5448,5448,3777,3812,2076
5537,5537,3872,3930,2220
5502,5502,3827,3752,2065
5468,5468,3849,3832,2083
5595,5595,3879,3789,2073
5542,5542,4158,3840,2102
5468,5468,3787,3850,2109
5462,5462,3788,3918,2161
5492,5492,3795,4148,2414
5551,5551,3762,3901,2140
5493,5493,3843,3765,2063
5444,5444,4246,3874,2126
5646,5646,4251,3950,2060
5526,5526,3757,3870,2219
5461,5461,3756,3796,2048
5494,5494,3913,3808,2153
5471,5471,3796,3720,2006
5582,5582,4226,3899,2164
5621,5621,3916,3762,2107
5470,5470,3754,3767,2130
5407,5407,3765,3764,2042
5441,5441,3778,3818,2101
5541,5541,3765,4219,2466
5522,5522,3747,4336,2595
5603,5603,3548,4125,2382
5487,5487,4290,3955,2219
5506,5506,3796,3758,2108
5546,5546,3842,3849,2066
5688,5688,3819,4360,2425
5566,5566,3830,3874,2163
5610,5610,3791,3973,2215
5438,5438,4209,3796,2060
5454,5454,3816,3768,2037
5464,5464,3962,3857,2235
5501,5501,3851,3691,2025
5493,5493,3845,3861,2045
5481,5481,3797,3789,2062
5493,5493,4234,3857,2100
5456,5456,3760,3852,2124
5487,5487,3856,3877,2206
5474,5474,4140,3891,2104
5495,5495,3787,3844,2097
5574,5574,3785,4108,2365
5509,5509,4174,3799,2088
5643,5643,3749,3900,1984
5497,5497,3758,3849,2060
5634,5634,3763,3813,2071
5445,5445,3763,3841,2096
5483,5483,3778,3765,2129
5514,5514,3830,3924,2202
5427,5427,3831,3754,2082
5559,5559,3769,3825,2041
5511,5511,3761,3814,2085
5469,5469,3765,3774,2161
5435,5435,3796,3879,2109
5498,5498,3873,3839,2071
5475,5475,3875,4163,2422
5541,5541,3877,3897,2156
5523,5523,4180,3778,2109
5468,5468,4214,3926,2149
5662,5662,3788,3895,1949
5470,5470,3807,3804,2062
5482,5482,3863,3794,2031
5505,5505,3780,3753,2011
5457,5457,3803,3740,2041
5533,5533,4347,3878,2147
5591,5591,3901,3775,2081
5526,5526,3834,3784,2052
5486,5486,3820,3818,2092
5516,5516,3825,3809,2053
5566,5566,3799,4252,2531
5483,5483,4321,3948,2140
5467,5467,3809,3734,2031
6630,6630,3873,3827,2173
5520,5520,3754,3786,2113
5512,5512,3699,3946,2165
5606,5606,3793,3900,2070
5574,5574,3895,3687,2044
5449,5449,3823,3856,2124
5419,5419,4285,3840,2089
5476,5476,3805,3795,2107
5620,5620,3847,3903,2180
5464,5464,3860,3808,2159
5507,5507,3873,3814,2045
5468,5468,3871,3736,2277
5632,5632,4446,3777,2128
5612,5612,3761,3895,2155
5565,5565,3826,3958,2214
5522,5522,3859,3823,2068
5452,5452,3508,4112,2364
5536,5536,3787,3788,2059
5508,5508,4667,4074,2244
5686,5686,3842,3839,1981
5600,5600,3913,3754,2135
5532,5532,3735,3842,2087
5598,5598,3814,3858,2025
5517,5517,3810,3727,2025
5476,5476,4639,3949,2185
5445,5445,4013,3960,2451
5635,5635,4223,4036,2313
5513,5513,3796,3844,2105
5778,5778,4160,3883,2061
5555,5555,4155,4122,2346
5464,5464,3564,4296,2547
5565,5565,3866,3934,2119
5598,5598,4180,3981,2188
5618,5618,3817,3790,2010
5575,5575,3862,3838,2027
5563,5563,3525,4249,2402
5720,5720,4142,3863,2011
5728,5728,3823,3832,2064
5548,5548,4552,3846,2124
5646,5646,3462,4113,2397
5565,5565,4000,4063,2314
5503,5503,3688,4080,2252
5483,5483,4181,3795,2015
5543,5543,3782,3783,2042
5517,5517,4226,4056,2170
5633,5633,3928,3796,2230
5503,5503,3818,3936,2142
5682,5682,3743,3743,2011
5484,5484,3872,3789,2038
5500,5500,3785,3764,2307
5466,5466,4173,3782,2033
5675,5675,3822,3858,1958
5539,5539,3814,3832,2064
5504,5504,3778,3763,2111
5524,5524,3778,3921,2038
5505,5505,3491,4034,2312
5491,5491,3857,3952,2227
5534,5534,3590,4016,2307
5704,5704,3816,3795,2048
5471,5471,3862,3757,2021
5479,5479,4214,3843,2097
5596,5596,4042,3914,2206
5480,5480,3819,3974,2181
5430,5430,3890,4160,2424
5484,5484,3808,3870,2110
5564,5564,3796,3990,2258
5506,5506,4338,3947,2237
5768,5768,3773,3997,2105
5732,5732,3718,3958,2201
5885,5885,3844,3793,2026
5490,5490,3907,3822,2106
5510,5510,3793,3790,2129
5569,5569,4285,3916,2150
5455,5455,3880,3718,2077
5457,5457,3757,3999,2257
5510,5510,3782,3763,2064
5549,5549,3966,3852,2182
5616,5616,3769,4197,2438
5533,5533,3898,4299,2587
5515,5515,3786,3926,2203
5434,5434,4235,3810,2143
5490,5490,3814,3730,2006
5487,5487,3837,3780,2071
5628,5628,3810,4213,2324
5475,5475,3859,3784,2056
5477,5477,3840,3781,2078
5438,5438,4271,3907,2164
5437,5437,3862,3819,2079
5564,5564,3820,3911,2173
5607,5607,3865,3720,2036
5693,5693,4154,3927,1998
5467,5467,3825,3981,2220
5516,5516,4274,3856,2112
5772,5772,3722,3941,2149
5462,5462,3674,3998,2271
5704,5704,3711,3909,2187
5502,5502,3806,3903,2127
5548,5548,3828,4106,2368
5485,5485,4171,3832,2081
5721,5721,3774,3992,2170
5485,5485,3982,3959,2205
5495,5495,3786,3838,2131
5641,5641,3828,3871,2156
5561,5561,3844,3763,2074
5537,5537,3828,3920,2171
5701,5701,3819,3736,2078
5502,5502,3868,3907,2144
5491,5491,3798,3750,2006
5502,5502,3774,3833,2100
5465,5465,3842,3758,2201
5592,5592,3852,3994,2233
5577,5577,3750,4105,2423
5568,5568,3717,3811,2075
5592,5592,3737,3925,2195
5502,5502,4372,3762,2121
5620,5620,3783,3873,1983
5550,5550,3838,3752,2066
5539,5539,3749,3936,2198
5501,5501,3620,4274,2477
5536,5536,3813,3879,2115
5441,5441,4321,3861,2160
5658,5658,3856,3835,1997
5401,5401,3775,3857,2050
5566,5566,3944,3846,2187
5619,5619,3850,3814,2031
5456,5456,3777,3746,2406
5512,5512,4141,4041,2224
5457,5457,3787,3801,2042
5580,5580,3874,3838,2176
5523,5523,3865,3896,2174
5511,5511,3780,3950,2166
5670,5670,3518,4130,2250
5561,5561,3792,3840,2084
5867,5867,3874,3779,2324
6925,6925,3945,4074,2320
5480,5480,3644,4044,2397
5524,5524,3827,3882,2142
5482,5482,3865,3728,2142
5468,5468,3827,3796,2155
5534,5534,4723,4149,2428
5572,5572,4175,3800,2150
5542,5542,4369,3735,2236
5489,5489,3494,3997,2256
5483,5483,3769,3814,2089
5508,5508,3884,3796,2093
5563,5563,4347,3775,2022
5550,5550,4260,3836,2094
5597,5597,3686,3995,2073
5510,5510,3818,3868,2123
5707,5707,3579,4121,2322
5427,5427,3936,3840,2133
5578,5578,3750,3797,2030
5493,5493,4250,4018,2215
5608,5608,3899,4010,2315
6444,6444,4318,3977,1336
5481,5481,3900,3872,2146
5727,5727,3836,3878,2114
5438,5438,3820,3855,2109
5485,5485,3694,3932,2141
5474,5474,3834,3808,2062
5536,5536,4255,3785,2046
5628,5628,3868,3887,2151
5479,5479,3822,3798,2043
5836,5836,3789,4177,2253
5587,5587,3749,3880,2139
5502,5502,3782,3928,2154
5455,5455,4265,3895,2115
5740,5740,3790,3828,2077
5479,5479,3837,4009,2182
5567,5567,3821,3754,2080
5544,5544,3855,3742,1935
5493,5493,3767,3814,2096
5552,5552,4299,3851,2129
5586,5586,3952,3754,2194
5484,5484,3702,3899,2179
5657,5657,3853,3723,1971
5484,5484,3776,3801,2056
5599,5599,3874,4204,2422
5458,5458,4205,3882,2109
5589,5589,3819,3893,1994
5616,5616,3861,3923,2164
5500,5500,3876,3796,2075
5559,5559,3805,3789,2060
5535,5535,3823,3874,2117
5530,5530,3736,3938,2197
5683,5683,3801,3710,1877
5535,5535,3970,3849,2121
5475,5475,3797,3761,2127
5467,5467,4199,3790,2044
5524,5524,3808,3861,2129
5497,5497,3722,3820,2245
5482,5482,3834,4113,2397
5475,5475,3817,3887,2101
5495,5495,3782,3973,2093
5516,5516,4247,3888,2160
5596,5596,3817,3869,2025
5631,5631,3954,3812,2147
5440,5440,3740,3757,2022
5460,5460,3789,3901,2190
5498,5498,3778,3769,2067
5639,5639,4556,3796,2269
5484,5484,3880,3724,2040
5542,5542,3808,3822,2088
5438,5438,3765,3734,2134
5530,5530,3815,3830,2130
5565,5565,3808,4193,2334
5495,5495,3717,4310,2541
5509,5509,3754,3814,2068
5465,5465,4189,3785,2153
5476,5476,3820,3796,2080
5447,5447,3879,3899,2129
5654,5654,3782,4289,2403
5778,5778,3903,3850,2098
5579,5579,3820,4014,2194
5498,5498,4222,3819,2090
5610,5610,3775,3788,2139
5449,5449,3868,3874,2269
5460,5460,3820,3757,2084
5588,5588,3826,3839,2075
5464,5464,3783,3739,2039
5507,5507,4205,3867,2051
5680,5680,3780,3785,2220
5536,5536,3862,4151,2410
5503,5503,3774,3799,2016
5462,5462,3768,3843,2080
5466,5466,3850,4072,2428
5776,5776,4136,4003,2254
5725,5725,3766,3900,1989
5907,5907,3871,3847,2108
5483,5483,3716,3848,2095
5542,5542,3991,3776,2110
5461,5461,3827,3821,2084
5466,5466,3808,3886,2180
5528,5528,3840,3716,2031
5704,5704,3783,3809,2028
5496,5496,3871,3864,2076
5870,5870,3761,3811,2148
5770,5770,3776,3931,2180
5636,5636,3880,3702,2237
5510,5510,3550,4130,2384
5465,5465,3817,3792,2058
5466,5466,3817,3797,2073
5414,5414,4246,3797,2054
5614,5614,3809,3918,2013
5472,5472,3867,3913,2175
5471,5471,3764,3831,2089
5498,5498,3818,3915,2160
5517,5517,3801,3771,2047
5499,5499,4276,3869,2110
5460,5460,3888,3795,2212
5567,5567,4215,3814,2081
5464,5464,3761,3918,2162
5484,5484,3810,3865,2110
5469,5469,3871,3767,2384
5484,5484,4158,3919,2210
5492,5492,3948,3838,2082
5503,5503,3760,3853,2091
5657,5657,3806,3735,2000
5437,5437,3807,3849,2054
5653,5653,3755,4046,2137
5452,5452,3911,3804,2092
5436,5436,3769,3776,2027
5589,5589,4185,3789,2048
5555,5555,3734,3766,2055
5602,5602,3857,3865,2174
5536,5536,3820,3779,2086
5522,5522,3794,3843,2116
5499,5499,3908,4125,2373
5521,5521,4228,3768,2136
5565,5565,3913,3745,2196
5568,5568,3851,3778,2200
5475,5475,3766,3883,2150
5584,5584,3869,3890,2094
5553,5553,3760,3812,2130
5605,5547,2884,5605,3814
5650,5650,3759,3879,2003
5466,5466,3712,3942,2225
5466,5466,3852,3759,2051
5467,5467,3818,3824,2062
5553,5553,3940,3632,2151
5511,5511,4271,3856,2220
5462,5462,3907,4089,2396
5555,5555,4156,3885,2098
5414,5414,3831,3820,2082
5503,5503,3781,4003,2268
5543,5543,3769,3957,2206
5502,5502,3902,3848,2211
5577,5577,3791,3842,2163
5896,5896,4368,3830,2128
5449,5449,3832,3754,2064
5518,5518,3766,3820,2048
5584,5584,3602,4186,2307
5515,5515,3878,3836,2186
5668,5668,3836,3752,2048
5520,5520,4149,3851,2094
5568,5568,3599,4014,2239
5471,5471,4339,3960,2186
5538,5538,3827,3697,2123
5498,5498,3477,4179,2461
5717,5717,4098,3841,2117
5674,5674,4371,3833,2045
5480,5480,3842,3734,2153
5746,5746,3821,3861,2080
5495,5495,3760,3846,2120
5496,5496,3846,3826,2073
5647,5647,3920,4189,2472
5495,5495,4312,3974,2124
5691,5691,3565,4031,2185
5444,5444,3859,3829,2065
5464,5464,3798,3877,2122
5540,5540,3718,3848,2102
5500,5500,3541,3958,2271
5537,5537,3849,3913,2126
5478,5478,3665,3857,2207
5608,5608,3914,3956,2186
5586,5586,3836,3811,2110
5837,5837,4207,3832,2089
5583,5583,3754,3799,2214
5450,5450,3727,3905,2147
5796,5796,3826,4231,2456
5658,5658,3658,3925,2158
5483,5483,3812,3800,2060
5431,5431,4221,3796,2080
5794,5794,3822,3822,1960
5498,5498,3921,3867,2064
5624,5624,3849,3863,2065
5620,5620,3636,3948,2185
5571,5571,3781,3945,2181
5456,5456,4463,3968,2196
5494,5494,3925,3693,2045
5549,5549,3739,3845,2090
5423,5423,3765,3846,2083
5575,5575,3798,3828,2076
5441,5441,3846,3716,2355
5458,5458,3741,4323,2548
5458,5458,3993,3787,2138
5561,5561,4235,3818,2161
5503,5503,3747,3870,2129
5595,5595,3807,3908,2008
5641,5641,3793,4403,2267
5495,5495,3752,3837,2067
5541,5541,3818,3701,2014
5709,5709,4269,3823,2128
5582,5582,3844,3874,2120
5481,5481,4229,3969,2226
5497,5497,3834,3715,2107
5554,5554,3796,4104,2039
5496,5496,4015,3765,2020
5493,5493,4141,3786,2030
5550,5550,3764,3822,2197
5642,5642,3719,3958,2183
5464,5464,3796,3988,2314
5491,5491,3755,3816,2203
5560,5560,3734,4119,2357
5645,5645,4218,3759,1951
5604,5604,3794,3856,2050
5491,5491,3837,3860,2044
5698,5698,3776,3819,2150
5495,5495,3792,3749,2110
5501,5501,3807,3761,2106
5627,5627,3992,3960,2193
5594,5594,3891,3752,2077
5698,5698,3795,3801,2123
5618,5618,3802,3883,2118
5488,5488,3792,3792,2114
5472,5472,3799,3825,2139
5456,5456,3872,3954,2238
5527,5527,4146,4127,2390
5506,5506,3825,3745,2117
5464,5464,3849,3803,2060
5476,5476,4222,3920,2128
5633,5633,3907,3858,1981
5618,5618,3870,3824,2075
5506,5506,4026,3677,2021
5584,5584,3802,3978,2202
5544,5544,3860,3785,2154
5437,5437,4215,3948,2187
5559,5559,3823,3921,2215
5498,5498,3815,3841,2111
5528,5528,3786,3987,2256
5664,5664,3914,3791,2158
5514,5514,3838,3747,2334
5461,5461,4180,3902,2266
5517,5517,3843,3801,2075
5541,5541,3767,3794,2047
5447,5447,3904,3871,2084
5526,5526,3585,4052,2304
5606,5606,3824,3821,2040
5966,5966,3902,3929,2174
5495,5495,3856,3830,2040
5441,5441,4233,3776,2072
5557,5557,3815,3824,2111
5498,5498,3902,3863,2267
5773,5773,3849,3646,1986
5453,5453,3942,3771,2117
5480,5480,4033,4131,2393
5505,5505,4132,3857,2086
5499,5499,3791,3874,2109
6305,6305,3758,3831,2238
5487,5487,3817,3854,2134
5521,5521,4203,3828,2173
5494,5494,3828,3823,2044
5515,5515,4213,3796,2109
5721,5721,3567,4058,2184
5438,5438,3830,3891,2161
5508,5508,3818,3899,2120
5483,5483,3824,3801,2081
5544,5544,3693,3975,2231
5490,5490,4261,3840,2221
5482,5482,3887,4062,2384
5501,5501,4219,3879,2115
5514,5514,3844,3866,2085
5482,5482,3776,3806,2108
5921,5921,3747,4037,2348
5518,5518,3790,3976,2259
5575,5575,3763,3841,2176
5487,5487,4141,4017,2199
5509,5509,3788,3796,2063
5729,5729,3833,3830,2117
5820,5820,3914,4236,2324
5557,5557,3871,4066,2233
5536,5536,3898,3789,2036
5666,5666,4182,3918,2151
5558,5558,3824,3821,2201
5498,5498,3849,3887,2222
5597,5597,3838,3838,2154
5617,5617,3780,3804,2063
5427,5427,3866,3828,2093
5525,5525,4302,3771,2004
5495,5495,3793,3938,2182
5492,5492,3794,3887,2138
5605,5605,3755,4031,2285
5484,5484,3800,3859,2109
7487,7487,4428,4243,2466
5704,5704,3779,4112,2339
5693,5693,3745,3904,2032
5452,5452,3840,3794,2156
5522,5522,3796,3800,2087
5562,5562,3790,3950,2139
5475,5475,3780,3750,2047
5536,5536,3824,3877,2151
5481,5481,3842,3716,2115
5531,5531,3791,3792,2050
5723,5723,3888,3764,2056
5545,5545,4199,3830,2097
5517,5517,3784,3867,2136
5638,5638,3732,4022,2196
5509,5509,3717,4172,2427
5422,5422,3792,4031,2069
5573,5573,3773,3882,2146
5489,5489,4343,3785,2133
5642,5642,3810,3778,1918
5520,5520,3867,3991,2044
5428,5428,3792,3822,2098
5472,5472,3749,3880,2120
5532,5532,3946,3674,2071
5475,5475,4249,3914,2178
5618,5618,3860,4085,2409
5550,5550,3829,3905,2280
5639,5639,3812,3834,2113
5425,5425,3827,3799,2034
5477,5477,3795,4209,2508
5549,5549,3852,4328,2564
5541,5541,3891,3888,2154
5610,5610,4229,3901,2150
5493,5493,3824,3847,2146
5454,5454,3809,3845,2094
5796,5796,4222,4654,2605
5482,5482,3848,3774,2283
5418,5418,3842,3815,2108
5645,5645,4214,3837,2172
5636,5636,3759,3927,2168
5502,5502,3966,3970,2158
5490,5490,3984,3756,2210
5560,5560,3792,3826,2086
5461,5461,3802,3858,2212
5565,5565,3961,4158,2339
5639,5639,3772,3947,2192
5694,5694,3804,3902,2110
5476,5476,3838,3755,2113
5521,5521,3850,3894,2135
5444,5444,3690,4117,2417
5529,5529,4389,3862,2105
5629,5629,3826,3958,2037
5519,5519,3839,3765,2031
5616,5616,3794,3871,2097
5844,5844,3831,3831,2129
5495,5495,3897,3833,2124
5506,5506,3829,3878,2110
5478,5478,3871,3678,2023
5550,5550,3797,3787,2125
5442,5442,3887,3801,2080
5494,5494,3845,3798,2073
5498,5498,3767,3992,2175
5583,5583,3752,3920,2158
5491,5491,3781,4140,2422
5536,5536,3812,3846,2097
5494,5494,3863,3778,2026
5479,5479,4172,3830,2142
5633,5633,3938,4440,2593
5433,5433,3828,3795,2043
5494,5494,3747,3860,2117
5471,5471,3946,3963,2056
5466,5466,3849,3740,2003
5504,5504,4248,3958,2227
5589,5589,3873,3801,2106
5560,5560,3786,3897,2060
5476,5476,3791,3795,2059
5484,5484,3896,3819,2072
5484,5484,3777,3783,2377
5487,5487,4189,3938,2201
5485,5485,3764,3850,2109
5627,5627,3730,3797,2132
5509,5509,3803,3754,2034
5487,5487,3870,3920,2127
5754,5754,3754,3944,2044
5442,5442,3866,3793,2080
5491,5491,3849,3793,2143
5454,5454,4295,3767,2097
5566,5566,4225,3711,2085
5506,5506,3842,3886,2270
5450,5450,3851,3760,2109
5539,5539,3778,3854,2124
5557,5557,3781,4162,2430
5437,5437,4196,3807,2144
5482,5482,3826,3849,2123
5549,5549,3795,3985,2241
5444,5444,3781,3826,2057
5448,5448,3830,3761,2093
5515,5515,3785,3807,2068
5478,5478,4366,3594,2117
5646,5646,3800,3895,2083
5474,5474,3816,3851,2132
5472,5472,3774,3808,2062
5529,5529,3965,3618,2096
5645,5645,3938,4106,2408
5478,5478,4686,3899,2246
5437,5437,4049,4062,2413
5547,5547,4488,3870,2094
5511,5511,3791,3886,2120
5469,5469,3802,3820,2034
5601,5601,3877,3622,2193
5531,5531,3744,3921,2169
5588,5588,3759,3799,2056
5903,5903,4197,3827,2045
5483,5483,3938,3732,2118
5449,5449,4340,3825,2095
5722,5722,3825,4230,2352
5570,5570,3816,4141,2165
5491,5491,3812,3851,2052
5490,5490,4287,3723,2017
5576,5576,4263,3801,2069
5477,5477,3856,3950,2223
5595,5595,3978,3829,2157
5455,5455,3815,3789,2059
5479,5479,3849,3778,2044
5528,5528,4146,3795,2037
6771,6771,3765,3914,2184
5635,5635,3841,3969,2115
5484,5484,3552,4010,2311
5518,5518,3814,3801,2037
5865,5865,3775,4182,2302
5661,5661,4186,3831,1922
5565,5565,3766,3826,1971
5602,5602,3870,3842,2176
5574,5574,3783,3859,2127
5530,5530,3767,3844,2041
5540,5540,3544,4271,2564
5751,5751,3771,3938,2200
5560,5560,3837,3776,2131
5749,5749,3704,3860,2154
5621,5621,3887,3790,2069
5497,5497,3942,4361,4360
5609,5609,3951,3837,2114
5588,5588,3732,3881,2240
5532,5532,3759,4182,2407
5465,5465,3774,3793,2053
5685,5685,3808,3767,2193
5571,5571,4348,3829,2185
5640,5640,3598,4032,2116
5479,5479,3836,3888,2087
5523,5523,3765,3823,2090
5584,5584,3849,3788,2029
5461,5461,3768,3747,2036
5457,5457,4288,3893,2161
5580,5580,3823,3715,2032
5695,5695,3796,3841,2122
5578,5578,3760,3893,2145
5519,5519,4192,3948,2183
5627,5627,3747,4203,2434
5503,5503,3711,4348,2564
5468,5468,3803,3813,2083
5491,5491,4203,3802,2067
5410,5410,3874,3770,2067
5773,5773,3751,3769,2057
5687,5687,3869,4155,2262
5521,5521,3843,3922,2150
5482,5482,3772,3826,2161
5695,5695,4192,3923,2179
5507,5507,3815,3818,2092
5553,5553,4044,3912,2187
5582,5582,3826,3795,2120
5487,5487,3756,3831,2086
5558,5558,4223,3725,2090
5478,5478,4182,3926,2120
5500,5500,3873,3894,2379
5496,5496,3515,4060,2380
5507,5507,3747,3905,2181
5490,5490,3828,3811,2102
5447,5447,3783,4226,2509
5504,5504,4189,3792,2056
5654,5654,3872,3979,2040
5536,5536,3879,3884,2138
5654,5654,3881,3759,2044
5899,5899,3805,3929,2149
5553,5553,3824,3750,2102
5499,5499,3882,4024,2223
5523,5523,3842,3744,2161
5499,5499,3865,3842,2107
5510,5510,3790,3781,2015
5497,5497,3822,3947,2219
5647,5647,3850,3918,2205
5541,5541,3747,3858,2091
5475,5475,3750,4064,2356
5459,5459,3821,3781,2075
5477,5477,3820,3871,2149
5572,5572,4165,3853,2076
5720,5720,3846,3881,2013
5392,5392,3825,3824,2079
5496,5496,3783,3837,2179
5622,5622,3808,4084,2270
5476,5476,3779,3764,2030
5668,5668,4270,3908,2197
5514,5514,3848,3828,2158
5557,5557,3763,3837,2076
5520,5520,3686,3892,2121
5506,5506,3938,3845,2167
5493,5493,3762,3749,2355
5521,5521,4148,3916,2210
5451,5451,3835,3796,2041
5578,5578,3794,3785,2058
5458,5458,3785,3788,2059
5473,5473,3809,3762,2108
5636,5636,3795,3771,1921
5437,5437,3698,3952,2194
5467,5467,3696,3875,2126
5464,5464,4007,4007,2297
5461,5461,4202,3814,2100
5670,5670,3838,3917,2176
5447,5447,3828,3802,2063
5574,5574,3809,3862,2175
5475,5475,3815,4145,2359
5546,5546,4582,3804,2068
5800,5800,3790,3758,2027
5544,5544,3742,3945,2266
5438,5438,3765,3862,2111
5552,5552,3922,3627,2154
5644,5644,3615,3986,2236
5631,5631,4225,3769,1998
5638,5638,3959,3912,1996
5514,5514,3972,3806,2068
5488,5488,3805,3781,2128
5634,5634,3767,3796,2051
5491,5491,3784,3774,2066
5639,5639,4011,4242,2561
5473,5473,3932,3675,2313
5625,5625,4325,3831,2148
5488,5488,4060,3579,2087
5656,5656,3719,3796,2060
5459,5459,3836,3748,2251
5495,5495,3761,3923,2255
5488,5488,3993,3685,2084
5484,5484,4178,3743,2028
5660,5660,3751,3785,1918
5461,5461,3800,3778,2046
5626,5626,3803,3871,2205
5508,5508,3831,3826,2168
5625,5625,3797,3914,2167
5607,5607,4311,3750,2056
5536,5536,3906,3724,2155
5528,5528,3896,4056,2278
5629,5629,3844,3770,1984
5523,5523,3933,3734,2143
5490,5490,3767,3848,2074
5504,5504,4148,3743,2085
5508,5508,3820,3932,2186
5576,5576,3467,4088,2352
5538,5538,3776,3837,2104
5760,5760,3749,3789,2076
5466,5466,3849,3746,2320
5774,5774,4292,3938,2098
5647,5647,3918,3870,1987
5528,5528,3916,3883,2084
5481,5481,3811,3892,2111
5484,5484,3728,3902,2087
5609,5609,3907,3766,2129
5458,5458,3838,3892,2251
5691,5691,3819,3902,2287
5683,5683,3749,4007,2194
5518,5518,3794,3870,2078
5453,5453,4194,3836,2064
5615,5615,3834,3849,2100
5647,5647,3729,3994,2208
5452,5452,3795,4140,2387
5456,5456,3799,3807,2061
5422,5422,3948,3737,2131
5459,5459,4125,3901,2100
5674,5674,3775,3867,2056
5509,5509,3862,3884,1992
5453,5453,3799,3741,2023
5623,5623,3816,3832,2088
5525,5525,3815,3823,2176
5536,5536,4309,3931,2180
5470,5470,3918,3789,2191
5664,5664,3910,3690,2185
5482,5482,3875,3721,2115
5520,5520,3779,3831,2162
5470,5470,3980,4205,2462
5518,5518,3690,4341,2541
5512,5512,3826,3833,2044
5540,5540,4390,3777,2117
5549,5549,3837,3897,2072
5455,5455,3831,3853,2122
5656,5656,3668,4212,2327
5510,5510,3872,3788,2075
5484,5484,3784,3780,2058
5487,5487,4612,3752,2027
5488,5488,3832,3771,2049
5593,5593,3929,3879,2166
5545,5545,3964,3652,2160
5600,5600,3896,3834,2044
5536,5536,3762,3840,2021
5452,5452,4396,3670,2121
5503,5503,3684,4003,2256
5525,5525,3715,4008,2237
5629,5629,3849,3816,2073
5549,5549,3891,3797,2136
5429,5429,3793,4187,2421
5528,5528,4255,3856,2109
5662,5662,3848,3840,1968
5490,5490,3836,3891,2142
5431,5431,3739,3850,2109
5569,5569,3954,3695,2156
5775,5775,3827,3761,1844
5459,5459,3823,3971,2233
5492,5492,3841,3669,2126
5523,5523,3879,3849,2111
5580,5580,3886,3889,2142
5513,5513,3825,3791,2047
5559,5559,3800,3958,2195
5589,5589,3751,3925,2192
5460,5460,3828,4169,2381
5475,5475,3796,3833,2056
5473,5473,3774,3860,2142
5514,5514,4192,3753,2121
5650,5650,3782,3874,1959
5493,5493,3882,3954,2158
5485,5485,3792,3803,2085
5471,5471,3870,3777,2114
5490,5490,3747,3836,2080
5470,5470,4228,3914,2126
5450,5450,3863,3819,2096
5588,5588,3778,3788,2084
5498,5498,3760,3824,2088
5503,5503,3834,3961,2201
5581,5581,3732,4233,2451
5466,5466,4238,3969,2238
5444,5444,3744,3794,2067
5477,5477,3909,3673,2110
5444,5444,4023,3761,2061
5485,5485,3816,3835,2091
5731,5731,3799,4024,2068
5461,5461,3944,3797,2177
5496,5496,3848,3804,2035
5443,5443,4162,3823,2040
5589,5589,3806,3749,2131
5709,5709,3866,3955,2195
5516,5516,3848,3720,2132
5515,5515,3977,3937,2142
5495,5495,3959,3585,2308
5447,5447,4216,3775,2036
5500,5500,3766,3774,2197
5522,5522,3725,4002,2173
5475,5475,3889,3812,2085
5445,5445,3758,3850,2184
5458,5458,3547,4027,2344
5528,5528,4236,3916,2126
5649,5649,3793,3855,1979
5479,5479,3849,3861,2119
5532,5532,3783,3917,2141
5454,5454,3971,3905,2109
5536,5536,3715,3897,2135
5507,5507,4364,3934,2182
5502,5502,3871,4062,2404
5542,5542,4301,3820,2058
5552,5552,3839,3786,2061
5512,5512,3802,3791,2136
5495,5495,3781,3919,2165
5567,5567,3605,4022,2245
5440,5440,4154,3788,2052
5444,5444,4534,3797,2056
5449,5449,3812,3841,2099
5495,5495,3857,3797,2077
5649,5649,3738,4164,2293
5752,5752,3912,3890,2142
5485,5485,3554,4039,2269
5545,5545,4173,3797,2056
5536,5536,3583,4007,2267
5506,5506,4382,3937,2166
5604,5604,3830,3812,2175
5496,5496,3802,3886,2120
5474,5474,3757,3865,2109
5462,5462,4194,3805,2080
5459,5459,3764,3970,2219
5497,5497,3775,4124,2365
5600,5600,4330,3903,2194
5610,5610,3940,3953,2173
5564,5564,3800,3857,2400
5559,5559,4183,3877,2131
5615,5615,3679,3921,2027
5490,5490,3824,3876,2097
5445,5445,3821,3807,2090
5722,5722,4036,4011,2259
5504,5504,3797,3789,2056
5455,5455,3733,4082,2325
5499,5499,3619,4004,2387
5923,5923,3742,3805,2048
5517,5517,3818,3846,2089
5496,5496,4571,3805,2043
5510,5510,3769,3890,2106
5471,5471,3831,3850,2119
5498,5498,2862,4718,2983
5496,5496,3791,3935,2179
5479,5479,3831,3882,2142
5472,5472,4185,3806,2048
5802,5802,3921,3867,2003
5677,5677,3914,3994,2251
5438,5438,3854,3845,2104
5520,5520,3825,3859,2094
5544,5544,3790,3760,2124
5541,5541,4256,3839,2194
5469,5469,3887,3667,2105
5510,5510,3769,3817,2079
5441,5441,3779,3767,1988
5566,5566,3916,3796,2131
5706,5706,3819,4185,2464
5515,5515,3758,4306,2531
5453,5453,3861,3818,2094
5561,5561,4245,3775,2099
5457,5457,3986,3761,2187
5469,5469,3827,3839,2096
5699,5699,4141,4221,2344
5972,5972,3861,3854,2087
5672,5672,3758,3797,2077
5461,5461,4158,3877,2113
5628,5628,3797,3883,2090
5480,5480,3902,3869,2237
5514,5514,3843,3755,2100
5555,5555,3874,3777,2056
5488,5488,3849,4113,2346
5484,5484,4151,3833,2077
5835,5835,3809,3967,2255
5471,5471,3770,4062,2392
5571,5571,3753,3883,2129
5457,5457,3808,3814,2043
5570,5570,3841,4135,2381
5540,5540,4181,3844,2109
5766,5766,3811,4158,2253
5621,5621,3913,4060,2267
5527,5527,3923,4017,2261
5636,5636,3793,3823,2208
5603,5603,3796,3808,2081
5552,5552,3862,3911,2160
5531,5531,3858,3648,2102
6225,6225,3800,3773,2106
5525,5525,3873,3934,2188
5508,5508,3835,3773,2014
5743,5743,3789,3848,2106
5516,5516,3739,3953,2175
5515,5515,3785,4151,2391
5517,5517,3826,3796,2059
5439,5439,3777,3809,2045
5515,5515,4294,3886,2767
5795,5795,3815,3876,2001
5546,5546,3876,3905,2178
5472,5472,3806,3948,2192
5469,5469,3986,3832,2117
5602,5602,3788,3829,2190
5555,5555,4237,3924,2208
5457,5457,3888,3799,2139
5444,5444,4488,3167,2408
5483,5483,3837,3831,2182
5496,5496,3775,3805,2057
5623,5623,3902,4288,2509
5498,5498,4180,3834,2222
5509,5509,3750,3885,2138
5489,5489,3750,3911,2111
5464,5464,3848,3808,2069
5509,5509,3897,3902,2082
5749,5749,3832,3897,2028
5489,5489,4083,4191,2390
5518,5518,3940,3728,2134
5427,5427,4198,3849,2084
5549,5549,3565,3948,2233
5462,5462,3893,3919,2253
5476,5476,3820,3709,2076
5574,5574,3831,3851,2113
5425,5425,3857,4241,2529
5861,5861,4316,3852,2143
5484,5484,3818,3993,2275
5579,5579,3760,3973,2148
5576,5576,3797,3892,2136
5474,5474,3858,3911,2136
5441,5441,3532,3971,2249
5504,5504,4537,3884,2128
5853,5853,3845,3927,2058
5532,5532,4101,3656,2092
5461,5461,3686,3841,2115
5480,5480,3778,3837,2056
5515,5515,3620,4005,2294
5515,5515,4271,3848,2136
5468,5468,3848,4083,2410
5737,5737,4075,4074,2323
5505,5505,3797,3776,2058
5505,5505,3778,3931,2189
5492,5492,3942,3919,2163
5520,5520,3699,3909,2179
5495,5495,3806,3831,2213
5623,5623,4274,3840,2198
5455,5455,3783,3756,2044
5445,5445,3934,3796,2113
5614,5614,3778,4284,2297
5494,5494,3999,4038,2275
5472,5472,3767,3757,2058
5492,5492,4185,3891,2104
5509,5509,3770,3882,2121
5517,5517,3874,3884,2283
5474,5474,3850,3727,2141
5445,5445,3892,3748,2161
5453,5453,3819,3851,2059
5437,5437,4151,3788,2038
5516,5516,3841,3988,2208
5688,5688,3757,3863,2239
5552,5552,3691,3908,2188
5479,5479,3871,3884,2141
5447,5447,3764,4230,2494
5625,5625,4292,3798,1923
5663,5663,3862,3876,1996
5546,5546,3848,3893,2135
5531,5531,3846,3859,2087
5465,5465,3764,3767,1988
5492,5492,3809,3750,2039
5515,5515,3883,3816,2246
5490,5490,3847,3705,2144
5535,5535,4004,3643,2118
5581,5581,3784,3894,2137
5538,5538,4355,3929,2173
5584,5584,3732,3900,2168
5458,5458,3697,3964,2493
5485,5485,3788,3742,2286
5483,5483,3757,3852,2106
5552,5552,3798,3796,2044
5511,5511,4262,3837,2081
5829,5829,3882,3824,1946
5597,5597,3823,3890,2168
5399,5399,3759,3828,2068
5484,5484,3806,3775,2017
5444,5444,3817,3716,2021
5484,5484,4352,3877,2135
5448,5448,3965,3690,2149
6169,6169,3865,3842,2028
5545,5545,3901,3869,2133
5450,5450,3841,3801,2152
5464,5464,3777,4281,2544
5491,5491,3718,4352,2554
5620,5620,3616,3978,2259
5522,5522,3900,4035,2295
5448,5448,3823,3789,2138
5477,5477,3791,3859,2116
5671,5671,3771,4374,2436
5485,5485,3860,3845,2116
5586,5586,4180,3835,2124
5502,5502,4178,3860,2044
5470,5470,3860,3775,2049
5545,5545,3708,4087,2334
5439,5439,4252,3689,2048
5631,5631,4255,3797,2051
5501,5501,3858,3865,2092
5493,5493,4277,3823,2049
5563,5563,3563,4100,2338
5639,5639,3529,4070,2324
5484,5484,3723,3857,2079
5484,5484,3951,3815,2148
5475,5475,3821,4214,2458
5551,5551,4190,3844,2061
5654,5654,3807,3799,2034
5616,5616,3822,3880,2084
5423,5423,3780,3828,2096
5562,5562,3796,3800,2069
5505,5505,3824,3740,2098
5851,5851,3840,3921,2177
5546,5546,3880,3728,2164
5559,5559,3840,3885,2129
5514,5514,3839,3821,2066
5482,5482,3811,3809,2067
5512,5512,3803,3935,2196
5549,5549,3730,3882,2111
5458,5458,3833,4157,2428
5528,5528,3807,3795,2125
5494,5494,3800,3864,2083
5492,5492,4215,3850,2113
5660,5660,3748,3947,2058
5512,5512,3821,3842,2093
5474,5474,3784,3795,2072
5467,5467,3766,3879,2088
5491,5491,3824,3770,2037
5461,5461,4257,4009,2206
5564,5564,3812,3757,2125
5642,5642,3764,3956,2139
5482,5482,4050,3717,2006
5545,5545,3781,3963,2158
5440,5440,3790,4258,2492
5477,5477,4202,3962,2198
5533,5533,3826,3829,2111
5435,5435,3735,3783,2070
5522,5522,3812,3771,2024
5620,5620,3880,3828,2031
5625,5625,3902,3834,2010
5577,5577,3859,3955,2171
5440,5440,3809,3864,2098
5568,5568,4257,3795,2120
5607,5607,3799,3904,2152
5477,5477,3837,3945,2222
5507,5507,3767,3870,2181
5494,5494,3802,3849,2175
5466,5466,3884,4117,2333
5481,5481,4335,3777,2056
5651,5651,3750,3862,2148
5506,5506,3777,4034,2276
5632,5632,3804,3786,2053
5533,5533,3584,4049,2305
5589,5589,3831,3765,2154
5447,5447,4170,3803,2052
5803,5803,3777,3913,2030
5536,5536,4026,3867,2109
5489,5489,3777,3733,2113
5603,5603,3651,3948,2200
5613,5613,3792,3759,2124
5469,5469,4243,3909,2148
5440,5440,3823,4064,2415
5579,5579,4323,3825,2118
5621,5621,3819,3865,2141
5498,5498,3754,3852,2105
5520,5520,3942,3826,2176
5471,5471,3722,3904,2274
5558,5558,3825,3849,2127
5526,5526,4146,3815,2164
5553,5553,3544,4033,2304
5460,5460,3909,3957,2211
5624,5624,3881,3806,2241
5523,5523,3937,3889,2110
5462,5462,3862,3788,2047
5603,5603,3919,4054,2277
5500,5500,3796,3902,2132
5553,5553,3740,4153,2333
5474,5474,3911,3732,2080
5686,5686,3832,3737,2006
5497,5497,3771,3837,2094
5518,5518,3936,3964,2235
5545,5545,4256,3901,2130
5631,5631,3690,3919,2144
5666,5666,3803,3843,2147
5484,5484,3833,3773,2135
5456,5456,3840,4151,2417
5714,5714,4093,3930,2138
5674,5674,3778,3909,1989
5525,5525,3932,3895,2139
5466,5466,3796,3822,2074
5716,5716,3714,3928,2165
5545,5545,3555,3987,2250
5516,5516,3917,3887,2141
5793,5793,3613,3976,2326
5661,5661,3849,3760,2127
5591,5591,3796,3913,2174
5502,5502,4240,3900,2156
5484,5484,3788,3859,2152
5608,5608,3761,3937,2224
5504,5504,3674,4331,2545
5536,5536,3803,3894,2149
5566,5566,3799,3771,2041
5468,5468,4214,3815,2106
5628,5628,3806,3885,1946
5609,5609,3749,3935,2165
5826,5826,3813,3829,2079
5622,5622,3881,3888,2156
5572,5572,3769,3801,2061
5619,5619,4335,3975,2195
5628,5628,3914,3746,2063
5698,5698,3879,3799,2077
5691,5691,3788,3762,2135
5530,5530,3766,3839,2117
5478,5478,3829,4196,2451
5522,5522,3956,4323,2536
5545,5545,3841,3802,2053
5447,5447,4295,3832,2107
5695,5695,3953,3950,2212
5496,5496,3847,4044,2282
5804,5804,3766,3838,2264
5450,5450,3879,3860,2106
7013,7013,3818,4103,2304
5489,5489,4159,3820,2152
5485,5485,3883,3813,2071
5517,5517,3701,3954,2184
5622,5622,4298,3703,2012
5663,5663,4356,3794,2123
5538,5538,3843,3799,2037
5481,5481,4336,3994,2280
5488,5488,3784,3893,2108
5553,5553,4447,3954,2197
5536,5536,3782,3826,2079
5486,5486,3784,3866,2162
5482,5482,3861,4142,2372
5518,5518,4221,3942,2182
5705,5705,3731,4157,2271
5601,5601,3796,3807,2008
5451,5451,3754,3751,2048
5445,5445,3832,3846,2192
5823,5823,4241,3820,2062
5587,5587,4304,3859,2098
6049,6049,3842,3800,1650
5584,5584,3878,3813,2036
5631,5631,3778,3768,1997
5686,5686,3776,3825,2099
5597,5597,3951,3973,2226
5478,5478,4170,3866,2098
5501,5501,3802,3759,2336
5692,5692,3804,3837,1928
5591,5591,3787,3884,2170
5476,5476,3819,3839,2092
5882,5882,3753,3867,2066
5556,5556,4362,3753,2135
5500,5500,3958,3764,2039
5475,5475,3778,3784,2154
5522,5522,3561,4079,2466
5452,5452,3915,3867,2257
5589,5589,3840,3737,2166
5525,5525,4253,3775,2128
5434,5434,3783,3787,2062
5519,5519,3722,3877,2175
5627,5627,3905,4222,2383
5592,5592,3738,3975,2200
5466,5466,3593,4198,2455
5878,5878,4276,3831,2105
5573,5573,3764,3779,2118
5658,5658,3646,4007,2349
5782,5782,3819,4115,2257
5496,5496,3957,3882,2158
5459,5459,3883,3879,2143
5501,5501,3744,3903,2214
5556,5556,3761,4191,2451
5468,5468,3863,3996,2233
5559,5559,3820,3721,2078
5563,5563,3802,3819,2156
5467,5467,4139,3989,2443
5465,5465,4152,3795,2044
5478,5478,3784,3921,2184
5500,5500,3699,4042,2238
5536,5536,3770,3806,2185
5509,5509,3797,4060,3654
5580,5580,3828,3797,2056
5527,5527,4308,3746,2098
5642,5642,3828,3912,2034
5482,5482,3877,3838,2088
5596,5596,3770,3817,2055
5503,5503,3769,3897,2088
5675,5675,3894,3707,2071
5489,5489,4207,3826,2240
5516,5516,3924,4121,2443
5582,5582,4132,3877,2041
5515,5515,3785,3865,2132
5441,5441,3792,3812,2034
5514,5514,3828,3916,2174
5490,5490,3803,3917,2163
5496,5496,3814,3757,2010
5434,5434,4195,3855,2191
5505,5505,3787,3774,2058
5478,5478,3606,3954,2235
5577,5577,3791,4235,2292
5445,5445,3659,4463,2758
5573,5573,3992,3732,1989
5469,5469,4158,3900,2158
5510,5510,3832,3831,2062
5464,5464,3842,3929,2187
5496,5496,3814,3697,2121
5666,5666,3859,3782,2046
5488,5488,3849,3893,2102
5592,5592,4261,3839,2078
5479,5479,3807,4010,2119
5468,5468,3733,3990,2224
5509,5509,4114,3682,2187
5485,5485,3902,3907,2150
5503,5503,3881,3791,2322
5556,5556,4336,3798,2052
5568,5568,3785,3875,1977
5543,5543,3889,3894,2181
5445,5445,3765,3823,2073
5500,5500,3723,3848,2078
5498,5498,3858,3790,2070
5537,5537,3883,3788,2193
5519,5519,3961,3912,2218
5530,5530,3915,3756,2143
5493,5493,3940,3585,2151
5443,5443,4174,3805,2104
5511,5511,3809,3846,2107
5673,5673,3749,3859,2196
5436,5436,3864,4154,2388
5438,5438,3912,3786,2335
5497,5497,3927,3819,2208
5540,5540,4198,3796,2107
5821,5821,3783,3918,2016
5540,5540,3894,3873,2114
5390,5390,3750,3835,2056
5516,5516,3838,3816,2154
5574,5574,3827,3823,2093
5458,5458,4362,3875,2146
5493,5493,3832,3740,2145
5599,5599,3766,3758,2079
5581,5581,3796,3794,2058
5541,5541,3861,3850,2036
5446,5446,3921,4224,2483
5429,5429,3755,4312,2551
5505,5505,3806,3813,2115
5447,5447,4226,3785,2027
5432,5432,3872,3793,2054
5529,5529,4238,3833,2032
5603,5603,3773,3815,2211
5439,5439,3836,3805,2080
5481,5481,3767,3842,2090
5510,5510,4645,3861,2169
5557,5557,3828,3775,2128
5661,5661,3914,3929,2216
5522,5522,3826,3749,2071
5517,5517,3789,3908,2109
5445,5445,3776,3726,2012
5564,5564,4208,3837,2162
5543,5543,3866,3697,2259
5481,5481,3720,4082,2306
5594,5594,3797,3866,2157
5442,5442,5260,3822,2092
5626,5626,3782,4139,2394
5501,5501,4194,3836,2050
5660,5660,3770,4012,2150
5519,5519,3928,3836,2161
5560,5560,4816,3779,2020
5535,5535,3758,3779,2103
5513,5513,3850,3792,2034
5525,5525,3934,3920,2120
5635,5635,3877,3726,2161
5571,5571,3794,3752,2089
5449,5449,3813,3853,2073
5484,5484,3837,3782,2040
5479,5479,3788,3905,2158
5523,5523,3714,3848,2187
5501,5501,3704,4145,2359
5582,5582,4190,3791,2134
5547,5547,3773,3785,2048
5549,5549,4297,3889,2151
5769,5769,3802,3957,2017
5511,5511,3874,4557,2817
5588,5588,3763,3972,2214
5595,5595,3811,3832,2198
5736,5736,3841,3863,1967
5478,5478,4272,3902,2157
5593,5593,3885,3679,2157
5576,5576,3807,3799,2079
5521,5521,3803,3818,2088
5476,5476,3808,3903,2113
5427,5427,3965,4138,2435
5553,5553,4209,3908,2154
5442,5442,3900,3856,2126
5492,5492,3784,3790,2006
5484,5484,3820,3795,2062
5525,5525,3767,3912,2153
5635,5635,3784,3845,1993
5448,5448,3867,3837,2090
5574,5574,3811,3903,2164
5500,5500,4304,3821,2165
5475,5475,3796,3826,2118
5876,5876,3871,3987,2211
5467,5467,3849,3737,2077
5537,5537,3737,3854,2100
5600,5600,3808,3738,2131
5492,5492,4160,3763,2038
5496,5496,3871,3932,2175
5499,5499,3760,3920,2135
5515,5515,3796,3762,2153
5485,5485,4195,3942,2140
5590,5590,3920,3760,2041
5499,5499,4267,3831,2060
5591,5591,3802,3868,2079
5443,5443,3839,3830,2098
5502,5502,3746,3744,2127
5509,5509,3827,3805,2094
5573,5573,3506,4091,2358
5564,5564,4293,3879,2185
5496,5496,3872,4049,2386
5436,5436,4546,3929,2179
5422,5422,3829,4404,2016
5568,5568,4005,3762,2139
5504,5504,3750,3899,2176
5505,5505,4429,4011,2248
5783,5783,3883,3849,2114
5540,5540,4196,3754,2035
5498,5498,3797,3819,2120
5456,5456,4219,3817,2073
5808,5808,3844,3801,2198
5495,5495,3904,3849,2131
5545,5545,3808,3834,2089
5556,5556,4612,3769,2039
5488,5488,3864,3749,2033
5505,5505,3877,3891,2262
5481,5481,3848,3749,2076
5675,5675,4215,3747,2085
5535,5535,3615,3924,2182
5602,5602,4675,3800,2158
5654,5654,3837,3921,2171
5555,5555,3720,3962,2179
5604,5604,3764,3825,2115
5504,5504,3754,3781,2123
5456,5456,3765,4142,2405
5574,5574,4183,3919,2126
5812,5812,3512,4024,2158
5478,5478,3936,3797,2039
5460,5460,3840,3802,2101
5497,5497,3597,4005,2255
5572,5572,3749,3756,2051
5526,5526,3852,3991,2194
5485,5485,3982,3734,2129
5487,5487,3851,3819,2106
5543,5543,3765,3896,2174
5893,5893,4223,3858,2109
5473,5473,3842,3962,2225
5676,5676,3855,3943,2151
5570,5570,3777,4199,2451
5555,5555,3789,3813,2049
5462,5462,3786,3826,2066
5624,5624,4426,3714,2100
5603,5603,3797,3890,2064
5463,5463,3860,3813,2087
5681,5681,3782,3906,2171
5620,5620,3825,3736,2162
5435,5435,3848,3795,2073
5875,5875,4179,3956,2218
5567,5567,3819,3738,2075
5547,5547,3837,3814,2031
5521,5521,3798,3822,2093
5431,5431,3747,3864,2054
5464,5464,3768,4198,2466
5489,5489,3766,4335,2563
5460,5460,3762,3779,2047
5448,5448,4177,3838,2092
5604,5604,3795,3874,2149
5591,5591,3805,3864,2114
5608,5608,3755,4130,2266
5538,5538,3861,3820,2111
5457,5457,3760,3804,2086
5461,5461,4711,3941,2137
5539,5539,3779,3747,2124
5482,5482,3863,3904,2186
5482,5482,3597,4008,2336
5557,5557,3791,3812,2067
5723,5723,3844,3820,2024
5589,5589,4218,3794,2061
5537,5537,3657,4125,2371
5509,5509,3577,4001,2289
5601,5601,3790,3854,2117
5860,5860,3952,3890,2090
5489,5489,3817,4097,2383
5447,5447,4149,3837,2103
5611,5611,3869,3914,1987
5449,5449,3883,3949,2192
5546,5546,3770,3865,2127
5499,5499,3719,3977,2245
5887,5887,4129,3794,2036
6035,6035,4379,3907,2166
5581,5581,3870,3713,2058
5846,5846,3734,3930,2139
5478,5478,5290,3817,2085
5510,5510,3805,3783,2060
5606,5606,3767,3804,2200
6236,6236,4200,3939,2265
5507,5507,3796,3788,2320
5573,5573,4851,3852,2110
5498,5498,3648,4086,2338
5760,5760,3763,3790,2045
5587,5587,3783,3968,2092
5480,5480,4334,4039,2293
5487,5487,3809,3753,2046
5457,5457,3712,3901,2186
5541,5541,3515,4154,2430
5425,5425,3980,3947,2178
5599,5599,3851,3738,2021
5431,5431,4094,3939,2218
5697,5697,3765,3921,2201
5774,5774,3782,3849,2064
5433,5433,3856,3764,2384
5435,5435,3758,4000,2275
6919,6919,3947,3816,677
6086,6086,4227,3846,2058
5587,5587,4170,3789,2075
5481,5481,3849,3817,2053
5682,5682,3830,3863,1991
5516,5516,4011,3866,2121
5601,5601,3831,3915,2195
5504,5504,3902,3813,2064
5548,5548,3789,3766,2030
5524,5524,4062,3858,2224
5569,5569,3983,3877,2160
5618,5618,4294,3772,2035
5583,5583,3987,4102,2347
5512,5512,4274,3796,2112
5456,5456,3858,3819,2114
5526,5526,3774,3910,2257
5456,5456,3845,3768,2037
5559,5559,3796,3892,2174
5543,5543,3756,3840,2100
5589,5589,4715,3850,2144
5601,5601,3843,3839,2045
5574,5574,3987,3801,2107
5612,5612,3728,3813,2039
5544,5544,3789,3797,2109
5543,5543,3829,3789,2040
5431,5431,4284,3854,2184
5501,5501,3847,4172,2330
5634,5634,4146,3987,2214
5434,5434,3819,3745,2091
5581,5581,3828,3855,2075
5565,5565,4173,3894,2160
5554,5554,3717,3923,2162
5624,5624,3807,3850,2142
5426,5426,4196,3834,2072
5462,5462,3796,3813,2118
5492,5492,3926,3878,2134
5668,5668,3723,3855,2264
5572,5572,3930,3930,2166
5800,5800,3893,3893,2255
6029,5760,6029,2417,3285
5594,5594,3846,3781,2063
5606,5606,3862,4083,2261
5476,5476,3860,3727,2057
5587,5587,3851,3945,2126
5500,5500,3775,3895,2135
5558,5558,4403,3898,2125
5515,5515,3974,4033,2261
5504,5504,3749,4000,2252
5482,5482,3641,3928,2190
5560,5560,3795,3849,2120
5481,5481,3805,4151,2397
5580,5580,4160,3901,2109
5555,5555,3775,4005,2083
5458,5458,3595,4251,2523
5468,5468,3612,3958,2223
5534,5534,3760,3917,2165
5559,5559,3767,3757,2131
5613,5613,3830,3946,2177
5586,5586,3867,3771,2059
5457,5457,3851,3789,2188
5464,5464,3779,3825,2086
5517,5517,4372,3776,2132
5492,5492,3811,3928,2175
5622,5622,3713,3912,2177
5473,5473,3803,4131,2426
5458,5458,3945,3822,2093
5479,5479,3799,3757,2049
5493,5493,4243,3806,2039
5746,5746,3788,3882,2003
5473,5473,3911,3783,2131
5491,5491,3797,3761,2036
5494,5494,3822,3795,2061
5482,5482,3912,3797,2036
5442,5442,4240,3954,2193
5444,5444,3855,3723,2106
5525,5525,3812,3796,2052
5622,5622,3653,3954,2183
5431,5431,3962,3747,2094
5431,5431,3730,4238,2525
5531,5531,3771,4328,2589
5464,5464,4134,3843,2084
5458,5458,4216,3879,2098
5563,5563,3825,3795,2044
5605,5605,3730,3831,2071
5687,5687,3755,4192,2316
5629,5629,3843,3834,2034
5449,5449,4197,3869,2106
5535,5535,4196,3794,2039
5498,5498,3771,3785,2045
5505,5505,3880,3987,2163
5524,5524,4345,3689,2161
5562,5562,3789,3764,2044
5474,5474,3847,3802,2067
5426,5426,4167,3835,2325
5636,5636,3805,3945,2216
5593,5593,4470,3903,2134
5530,5530,3796,3908,2152
5474,5474,3802,3806,2031
5462,5462,3801,4113,2387
5513,5513,4272,3851,2065
5659,5659,3746,3912,2006
5596,5596,3878,3843,2167
5422,5422,3760,3815,2065
5597,5597,3904,3871,2100
5522,5522,3832,3760,2120
5491,5491,3763,4048,2276
5499,5499,3880,3747,2070
5597,5597,3837,3773,2016
5446,5446,3895,3775,2028
5494,5494,3809,3917,2171
5468,5468,3778,3868,2088
5562,5562,3777,3985,2202
5522,5522,4085,4128,2395
5782,5782,3762,3861,2116
5451,5451,3849,3870,2104
5495,5495,4603,3780,2056
5813,5813,4175,3904,2051
5546,5546,3983,3845,2196
5476,5476,3809,3717,2020
5804,5764,1933,5804,4039
5542,5542,3796,3816,2065
5551,5551,4271,3952,2162
5474,5474,3581,3930,2285
7558,7558,4318,3750,2088
5478,5478,3771,3852,2110
5484,5484,3767,3900,2144
5619,5619,3769,3762,2397
5511,5511,4121,4005,2262
5530,5530,3775,3820,2051
5478,5478,3755,3805,2071
5464,5464,3828,3864,2122
5512,5512,3898,3828,2058
5621,5621,3822,3921,2012
5461,5461,3790,3850,2080
5675,5675,3814,3834,2121
5536,5536,4191,3837,2048
5525,5525,3908,3844,2105
5846,5846,3854,4021,2150
5545,5545,3896,3757,2190
5680,5680,3791,3883,2113
5472,5472,3692,4155,2397
5458,5458,4164,3832,2071
5558,5558,3815,3979,2206
5614,5614,3710,3970,2157
5499,5499,4217,3812,2068
5483,5483,3850,3983,2193
5455,5455,3579,3981,2270
5701,5701,3982,4098,2300
5724,5724,3763,3948,2034
5517,5517,3866,3896,2140
5509,5509,3824,3796,2096
5479,5479,3849,3785,2137
5529,5529,3873,3821,2191
5574,5574,4231,3951,2155
5460,5460,3903,3731,2284
5564,5564,4194,3921,2154
5484,5484,4292,3766,2125
5516,5516,3796,3870,2081
5487,5487,3803,3895,2145
5481,5481,4452,3964,2184
5597,5597,3831,3823,2101
5658,5658,4188,3808,2024
5487,5487,3765,3887,2082
5468,5468,3836,3855,2108
5748,5748,3890,3815,2216
5494,5494,3841,4023,2262
5469,5469,3812,3893,2062
5491,5491,4645,3785,2025
5725,5725,3494,3986,2251
5662,5662,3854,3875,2227
5476,5476,3972,3765,2076
5525,5525,3833,3851,2091
5461,5461,3815,3779,2053
5566,5566,4178,3886,2135
5511,5511,3788,3935,2156
5592,5592,3737,3898,2102
5488,5488,3853,3862,2091
5487,5487,3777,3825,2090
5619,5619,3873,4155,2419
5578,5578,4191,3897,2098
5624,5624,3749,3870,2077
5466,5466,3874,3906,2095
5700,5700,3781,3794,2044
5431,5431,3824,3859,2087
5557,5557,3777,3772,2074
5510,5510,3823,3942,2161
5544,5544,3582,3926,2276
5530,5530,3738,3816,2055
5710,5710,3824,3829,2072
5767,5767,4254,3786,2053
5506,5506,3601,4032,2233
5495,5495,3463,4127,2385
5490,5490,3769,4059,2331
5483,5483,3899,3788,2182
5466,5466,3796,3813,2076
5533,5533,4344,3876,2246
5860,5860,3826,3966,2088
5443,5443,3937,4006,2201
5534,5534,3851,3739,2029
5482,5482,3849,3878,2150
5473,5473,3761,3768,2000
5448,5448,4234,3891,2171
5484,5484,3828,3872,2210
5528,5528,3792,3878,2144
5660,5660,3806,3846,2099
5717,5717,3843,3785,2031
5469,5469,3785,4187,2462
5546,5546,3691,4335,2601
5550,5550,3876,3777,2046
5459,5459,4232,3849,2218
5446,5446,3813,3835,2109
5516,5516,3862,3883,2113
5709,5709,3807,3867,2156
5499,5499,3969,3783,2156
5502,5502,3830,3832,2087
5441,5441,3972,4033,2346
5470,5470,3835,3802,2101
5524,5524,3796,3916,2176
5489,5489,3927,3730,2143
5547,5547,3934,3804,2060
5493,5493,4239,3809,2083
5640,5640,4235,3836,2158
5463,5463,3854,3852,2105
5597,5597,3760,3904,2164
5480,5480,3849,3867,2128
5638,5638,3969,3770,2056
5570,5570,3800,4269,2469
5471,5471,4163,3908,2190
5664,5664,3839,3921,2016
5618,5618,3827,3891,2180
5519,5519,3785,3817,2072
5483,5483,3938,3820,2046
5542,5542,3760,3772,2036
5541,5541,4285,3929,2170
5490,5490,3911,3697,2014
5619,5619,3801,3773,2120
5623,5623,3810,3786,2062
5562,5562,3965,3841,2122
5515,5515,3623,4066,2294
5484,5484,3703,3921,2181
5945,5945,3833,4086,2093
5573,5573,3831,3777,2142
5639,5639,3833,3797,2072
5477,5477,4179,3895,2070
5708,5708,3820,3971,1999
5494,5494,3835,3832,2167
5451,5451,3833,3866,2143
5486,5486,3804,3855,2048
5473,5473,3801,3837,2082
5638,5638,4452,3907,2125
5545,5545,3596,3938,2282
5619,5619,3855,3916,2146
5714,5714,3760,3965,2195
5593,5593,3751,3849,2158
5510,5510,3774,4218,2492
5494,5494,4288,3780,2211
5507,5507,3795,3837,2083
5559,5559,3842,3829,2198
5485,5485,3764,3809,2070
5889,5889,3879,3724,2092
5642,5642,3886,3870,1930
5611,5611,3996,3895,2159
7096,7096,3878,3653,2122
5502,5502,4220,3862,2129
5581,5581,3547,4036,2293
5465,5465,3956,3938,2218
5532,5532,3803,3752,2157
5702,5702,3849,3807,2042
5479,5479,3835,4112,2382
5490,5490,4269,3864,2076
5617,5617,3771,4007,2265
5515,5515,3668,3998,2246
5619,5619,3940,3814,2179
5525,5525,3803,4005,2248
5586,5586,3980,3874,2080
5508,5508,4315,3799,2066
5650,5650,3762,3915,2013
5633,5633,3864,3828,2121
5512,5512,3817,3744,2012
5496,5496,3505,4095,2260
5607,5607,3795,3748,2133
5691,5691,4257,3925,2166
5472,5472,3921,4074,2391
5489,5489,4375,3899,2207
5562,5562,3806,3832,2110
5550,5550,3802,3849,2067
5477,5477,3780,3950,2206
5473,5473,3805,4039,2210
5433,5433,3759,3825,2128
5449,5449,4220,3829,2079
5506,5506,3935,3852,2110
5497,5497,3767,3778,2018
5698,5698,3825,4146,2301
5533,5533,3853,3860,2102
5502,5502,3817,3793,2045
5643,5643,4235,3905,2108
5485,5485,3754,3858,2114
5637,5637,3852,3881,2205
5502,5502,3853,3842,2100
5722,5722,3901,3947,2218
5455,5455,3790,3858,2104
5581,5581,4050,3921,2165
5536,5536,3777,3915,2167
5637,5637,3757,3883,2239
5439,5439,3780,3917,2149
5493,5493,3819,3825,2149
5585,5585,3737,4155,2421
5519,5519,4194,3769,2144
5598,5598,3850,3891,2014
5438,5438,3930,3932,2182
5521,5521,3802,3779,2038
5590,5590,3805,3981,2250
5507,5507,3757,3789,2030
5501,5501,3841,3826,2214
5601,5601,3866,3795,2223
5564,5564,3845,3790,2062
5569,5569,3818,3806,2097
5472,5472,4618,3552,2155
5529,5529,3796,3800,2084
5590,5590,3636,3893,2168
5497,5497,3796,4167,2447
5629,5629,3853,3905,2148
5429,5429,3761,3911,2190
5534,5534,4209,3823,2135
5611,5611,3761,3856,1992
5469,5469,4004,3735,2128
5542,5542,3756,3907,2181
5496,5496,3902,3864,2154
5564,5564,3841,3876,2124
5635,5635,4239,3908,2131
5546,5546,3815,3830,2158
5589,5589,3752,3874,2116
5476,5476,3863,3714,2105
5497,5497,3910,3807,2152
5572,5572,3762,4167,2422
5509,5509,3728,4353,2580
5463,5463,3876,3825,2090
5598,5598,4185,3887,2124
5436,5436,3802,3876,2115
5573,5573,4245,3828,2094
5804,5804,3717,4201,2240
5488,5488,4261,3787,2165
5499,5499,3837,3782,2003
5431,5431,4175,3791,2093
5563,5563,3861,3724,2102
5471,5471,3860,3934,2266
5535,5535,3864,3781,2146
5469,5469,3866,3775,2049
5549,5549,3871,3850,2131
5451,5451,4176,3813,2048
5575,5575,3817,3954,2211
5485,5485,3504,4134,2382
5474,5474,3762,3873,2144
5546,5546,3846,3821,2171
5514,5514,3802,4089,2395
5434,5434,4318,3805,2017
5620,5620,3853,3834,1965
5528,5528,3837,3917,2153
5459,5459,3836,3863,2113
5489,5489,3799,3821,2126
5531,5531,3777,3861,2142
5487,5487,3910,3950,2217
5457,5457,3845,3778,2127
5506,5506,3772,3818,2051
5445,5445,3763,3775,2061
5457,5457,3820,3747,2024
5599,5599,3762,3962,2200
5513,5513,3742,3898,2153
5453,5453,3864,3766,2303
5473,5473,3963,3866,2206
5664,5664,3786,3802,2062
5481,5481,4188,3873,2152
5585,5585,3879,3826,2029
5616,5616,3958,3895,2132
5473,5473,3849,3828,2127
5764,5764,3941,3784,2028
5622,5622,3516,3990,2245
5431,5431,4262,3900,2161
5578,5578,4324,3776,2139
5601,5601,3902,3735,2121
5485,5485,3781,3787,2131
5466,5466,3897,3911,2149
5469,5469,3767,4195,2449
5511,5511,4173,3904,2157
5519,5519,3769,3840,2062
5540,5540,3992,3771,1945
5444,5444,3807,3759,2020
5536,5536,3763,3997,2394
5618,5618,3796,3819,1931
5554,5554,3910,3769,2050
5598,5598,3796,3805,2052
5499,5499,4144,3875,2116
5502,5502,3904,3836,2108
5511,5511,3845,3873,2158
5586,5586,3882,3654,2015
5717,5717,3806,3957,2213
5431,5431,3757,4099,2373
6890,6890,4173,3923,2187
5607,5607,3712,4041,2275
5559,5559,3665,3995,2220
5485,5485,3813,3771,2056
5465,5465,3932,4051,2274
5540,5540,4679,3877,2086
5500,5500,4169,3878,2107
5605,5605,3524,4070,2175
5499,5499,4022,3731,2071
5536,5536,3903,3756,2089
5544,5544,3787,3869,2180
5602,5602,3600,3965,2225
5504,5504,4226,3871,2120
5488,5488,3820,4074,2372
5524,5524,4682,3822,2085
5481,5481,3777,3744,2029
5510,5510,3887,3819,2113
5484,5484,3765,3783,2194
5525,5525,3470,4296,2516
5577,5577,3596,3981,2234
6192,6192,4218,3784,1688
5675,5675,4211,3869,2077
5550,5550,3559,4039,2278
5669,5669,3832,3831,2215
5539,5539,3863,3888,2142
5527,5527,3620,4145,2414
5529,5529,4304,3766,2119
5443,5443,4117,3841,2061
5511,5511,3880,3972,2190
5536,5536,3732,3837,2170
5640,5640,3755,3897,2160
5483,5483,4232,3866,2104
5510,5510,4205,3747,2008
5499,5499,3517,4117,2376
5512,5512,3725,3986,2267
5417,5417,3822,3797,2104
5401,5401,3785,3789,2061
5526,5526,3801,4181,2379
5453,5453,4288,3815,2057
5726,5726,3874,4095,2160
5478,5478,3611,4211,2433
5490,5490,3863,3818,2135
5459,5459,3764,3848,2032
5631,5631,3796,3841,2151
5495,5495,3844,3917,2154
5559,5559,3845,3723,2058
5441,5441,3795,3934,2154
5429,5429,3577,3990,2253
5726,5726,4160,3884,2092
5530,5530,3814,3940,2170
5488,5488,3791,3880,2146
5572,5572,3762,4145,2425
5497,5497,3811,3765,2137
5485,5485,3794,3811,2056
5437,5437,4248,3891,2077
5602,5602,3692,3980,2102
5502,5502,3908,3849,2137
5441,5441,3776,3854,2040
5552,5552,3987,3796,2113
5628,5628,4831,2954,2623
5490,5490,4344,3932,2209
5524,5524,3836,3802,2115
5567,5567,3814,3793,2029
5482,5482,3779,3828,2102
5531,5531,3893,3849,2214
5522,5522,3740,4217,2452
5472,5472,3758,4382,2642
5490,5490,3819,3775,2053
5496,5496,4163,3890,2145
5622,5622,3915,3918,2205
5515,5515,3887,3764,2033
5632,5632,3796,4205,2324
5483,5483,3869,3886,2125
5506,5506,3754,3936,2166
5481,5481,4598,3830,2048
5555,5555,3959,3761,2131
5481,5481,3892,3881,2136
5509,5509,3881,3691,2220
5626,5626,3729,3946,2160
5701,5701,3811,3808,2049
5532,5532,4205,3807,2080
5506,5506,3998,4050,2320
5518,5518,3672,3998,2172
5471,5471,3816,3971,2259
5494,5494,3849,3852,2090
5450,5450,3809,4183,2435
5560,5560,4359,3858,2134
5721,5721,3830,3964,2085
5514,5514,3885,3860,2065
5903,5903,3782,3828,2144
5508,5508,3779,4009,2363
5952,5952,4182,3811,2046
5503,5503,4271,3935,2196
5489,5489,3833,3775,2120
5568,5568,3872,3819,2092
5477,5477,3820,3854,2154
5474,5474,3811,3847,2113
5490,5490,3797,3913,2175
5495,5495,4161,3898,2109
5548,5548,3896,4305,2558
5479,5479,3940,3893,2151
5457,5457,3889,3866,2148
5495,5495,3860,3796,2091
5601,5601,3748,3935,2032
5541,5541,4279,3810,2071
5540,5540,4083,3878,2183
5687,5687,3908,3902,2157
5530,5530,3796,3843,2056
5557,5557,3888,3935,2197
5476,5476,3902,3797,2098
5606,5606,4311,3803,2072
5501,5501,3666,3892,2156
5593,5593,3821,3838,2076
5452,5452,3806,4218,2463
5523,5523,3630,3964,2262
5502,5502,3771,3878,2141
5961,5961,4188,3902,2078
5464,5464,3815,3743,2009
5560,5560,3780,3822,2070
5976,5976,3961,3860,2006
5609,5609,3862,3896,2162
5460,5460,3809,3840,2085
5477,5477,3853,3800,2034
5537,5537,3798,3756,2127
5458,5458,4323,3785,2198
5650,5650,3847,3663,2109
5615,5615,3941,3778,2133
5469,5469,3733,4109,2392
5519,5519,4164,3808,2111
5519,5519,3755,3965,2202
5495,5495,3698,3881,2106
5523,5523,3836,3820,2098
5534,5534,3826,3947,2292
5529,5529,3612,3995,2265
5545,5545,4154,3820,2162
5634,5634,3758,3865,1944
5581,5581,3886,3810,2118
5540,5540,3784,3824,2118
5488,5488,3777,3813,2040
5584,5584,3275,4563,2800
5540,5540,4223,3883,2149
5492,5492,4185,4110,2448
5515,5515,4199,3819,2046
7452,7452,3799,3780,2033
5620,5620,3862,3972,2192
5503,5503,4217,4048,2206
5497,5497,3504,4034,2282
5471,5471,3806,3940,2235
5512,5512,4223,3956,2134
5578,5578,3804,3795,2047
5488,5488,3782,3821,2073
5616,5616,3768,4199,2302
5515,5515,3933,3897,2093
5454,5454,3735,3883,2125
5511,5511,4182,3891,2127
5523,5523,3899,3895,2145
5575,5575,3860,3877,2113
5432,5432,3808,3758,2079
5599,5599,3815,3912,2155
5570,5570,3804,3834,2096
5465,5465,4203,3804,2078
5590,5590,3911,3859,2109
5484,5484,3750,3917,2161
5423,5423,3744,3827,2105
5504,5504,3825,3872,2116
5551,5551,3810,4198,2455
5491,5491,4194,3786,2071
5565,5565,3821,3838,2082
5473,5473,3822,3867,2119
5457,5457,3889,3889,2097
5501,5501,3888,3731,2121
5588,5588,3731,3850,2134
5490,5490,3877,3892,2242
5635,5635,3917,3773,2188
5486,5486,3795,3837,2073
5476,5476,3789,3765,2120
5515,5515,4257,3767,2092
5484,5484,3936,3886,2144
5558,5558,3730,3895,2161
5461,5461,4103,4132,2395
5466,5466,3796,3916,2163
5431,5431,4094,3586,2118
5558,5558,4314,3799,2059
5687,5687,3806,3884,1998
5548,5548,4031,3690,2071
5484,5484,3783,3897,2133
5550,5550,3831,3883,2150
6289,6289,3803,3870,2119
5600,5600,4407,3944,2199
5616,5616,3844,3748,2095
5600,5600,3823,3882,2099
5514,5514,3804,3810,2043
5452,5452,4007,3698,2122
5482,5482,3841,4194,2425
5535,5535,3879,4442,2653
5615,5615,3857,3792,1934
5455,5455,4163,3845,2216
5623,5623,3795,3850,2087
5477,5477,3882,3829,2083
5620,5620,3896,4191,2286
5589,5589,3862,3881,2140
5543,5543,3808,3860,2141
5547,5547,4199,3817,2129
5478,5478,3802,3825,2097
5485,5485,3838,3850,2122
5490,5490,3828,3730,2093
5516,5516,3873,3845,2097
5459,5459,3783,3867,2113
5404,5404,4282,3893,2096
5499,5499,3785,3876,2140
5514,5514,3701,3905,2132
5479,5479,3823,3818,2055
5622,5622,3794,3836,2118
5445,5445,3793,4180,2472
5570,5570,4309,3801,2083
5837,5837,3873,3913,2020
5513,5513,3841,3856,2114
5471,5471,3761,3847,2085
5532,5532,3902,3865,2084
5484,5484,3841,3756,2031
5502,5502,3867,3904,2140
5485,5485,3844,3807,2117
5595,5595,3718,3856,2079
5476,5476,3769,3795,2072
5887,5887,3773,3862,2138
5465,5465,3780,3987,2226
5426,5426,3764,3924,2173
5614,5614,3812,4111,2381
5491,5491,3958,3799,2109
5508,5508,3777,3779,2023
5574,5574,4241,3878,2134
5624,5624,3830,3884,1958
5499,5499,3905,3902,2160
5453,5453,3777,3751,2035
5506,5506,4181,3796,2052
5553,5553,3823,3788,2150
5522,5522,4710,3901,2143
5551,5551,3927,3744,2095
5729,5729,4208,3807,2054
5605,5605,3756,3796,2058
5498,5498,3796,3848,2114
5512,5512,3836,3812,2364
5499,5499,4178,3886,2161
5499,5499,3802,3773,2050
5648,5648,3894,3857,2165
5516,5516,3820,3802,2082
5524,5524,3833,3816,2056
5624,5624,3835,3943,2051
5463,5463,3859,4161,2060
5456,5456,3855,3759,2034
5496,5496,4244,3805,2019
5559,5559,3765,3799,2105
5539,5539,3793,3970,2211
5658,5658,3828,3747,2050
5461,5461,3776,3996,2262
5543,5543,3831,4127,2415
5466,5466,4159,3849,2157
5459,5459,3849,3857,2109
5490,5490,3772,4045,2284
5580,5580,3827,3794,2049
5487,5487,3824,3788,2161
5438,5438,3772,3783,2038
5920,5920,4319,3980,2174
5632,5632,3799,3902,2015
5793,5793,3902,3819,2074
5495,5495,3746,3825,2066
5671,5671,3791,3885,2068
5677,5677,3845,3770,2044
5453,5453,4273,3921,2183
5424,5424,3922,3642,2282
5563,5563,4284,3796,2176
5495,5495,4190,3743,2116
5471,5471,3811,3899,2072
5490,5490,3802,3883,2180
5495,5495,3640,3979,2227
5431,5431,3806,4076,2336
5447,5447,4368,3881,2141
5445,5445,3786,3761,2044
6528,6528,3870,3713,2056
5622,5622,4218,4169,2283
5426,5426,3880,3846,2191
5484,5484,3839,3816,2046
5523,5523,4219,3900,2191
5626,5626,4198,3906,2156
5599,5599,3908,3918,2196
5481,5481,3833,3811,2117
5494,5494,3856,3822,2043
5483,5483,3833,3810,2074
5547,5547,3850,4044,2313
5453,5453,3772,3873,2142
5495,5495,3745,3902,2129
5571,5571,3796,3809,2075
5434,5434,3803,3875,2102
5413,5413,3756,4197,2445
5484,5484,4395,3868,2090
5599,5599,3763,3925,2037
5458,5458,3610,4133,2355
5474,5474,3789,3895,2130
7921,7921,4524,4763,3019
5555,5555,3590,3977,2275
5541,5541,3992,3939,2211
5491,5491,3835,3693,2164
5448,5448,3495,4270,2454
5488,5488,3845,3814,2049
5447,5447,4188,3805,2088
5493,5493,3772,4013,2254
5536,5536,3730,3866,2224
5440,5440,3772,4070,2326
5540,5540,3806,3963,2262
5538,5538,3772,3787,2030
5556,5556,4319,3954,2306
5608,5608,3711,3958,2098
5519,5519,3707,3899,2146
5492,5492,3779,3800,2081
5570,5570,3788,3878,2150
5554,5554,3813,3834,2116
5430,5430,4246,3992,2337
5488,5488,3853,3748,2094
5694,5694,3728,3799,2073
5622,5622,3779,3892,2089
5431,5431,3831,3831,2011
5472,5472,3832,4133,2409
5477,5477,3731,4335,2574
5480,5480,3893,3821,2062
5604,5604,4592,4200,2433
5495,5495,3819,3894,2132
5547,5547,3881,3835,2082
5811,5811,3760,4209,2310
5445,5445,3999,3934,2147
5458,5458,3479,4255,2513
5532,5532,4199,3759,2153
5579,5579,3576,4062,2355
5596,5596,3866,3971,2210
5540,5540,3874,3818,2148
5653,5653,3845,3836,2204
5505,5505,3770,3862,2102
5509,5509,4221,3836,2091
5596,5596,3846,3841,2118
5465,5465,4482,3896,2253
5469,5469,3755,3941,2229
5488,5488,3851,3862,2057
5589,5589,3805,4130,2346
5517,5517,4244,3889,2155
5677,5677,3871,3849,1967
5530,5530,3960,3769,2036
5639,5639,3778,3959,2111
5483,5483,4246,3872,2204
5895,5895,4418,3851,2124
5595,5595,4225,3903,2178
5567,5567,3877,3645,2144
5578,5578,3642,3922,2157
5669,5669,3799,3833,2068
5515,5515,3762,3858,2119
5640,5640,3770,3938,2205
5543,5543,4034,4047,2321
5477,5477,3796,3816,2409
5554,5554,3741,3857,2083
5553,5553,3884,3855,2093
5523,5523,3826,3845,2063
5629,5629,3787,3908,2040
5536,5536,4231,3767,2071
5552,5552,3850,3829,2035
5483,5483,3893,3814,2060
5538,5538,3656,3970,2251
5539,5539,3913,3844,2126
5646,5646,3842,3828,2166
5512,5512,4076,3982,2245
5469,5469,3902,3715,2109
5483,5483,3834,3768,2078
5485,5485,3780,3793,2356
5811,5811,3696,3872,2163
5484,5484,3902,3988,2238
5995,5995,4550,3889,2156
5601,5601,3743,3834,2092
5506,5506,3750,3880,2112
5628,5628,3821,3949,2056
5572,5572,3856,3867,2050
5614,5614,3938,3814,2173
5527,5527,3850,3836,2062
5494,5494,3773,3868,2123
5563,5563,3858,3884,2108
5491,5491,3832,3776,2109
5474,5474,3797,3850,2206
5428,5428,3800,4099,2381
5807,5807,4179,3928,2151
5480,5480,3785,3871,2121
5516,5516,3722,3888,2119
5501,5501,3782,3755,2103
5510,5510,3816,3885,2092
5556,5556,3809,3801,2059
5491,5491,4176,3941,2138
5688,5688,3774,3913,2023
5640,5640,3702,3882,2161
5478,5478,3856,3792,2053
5463,5463,3863,3744,2111
5575,5575,3780,4029,2297
5471,5471,4290,3954,2210
5438,5438,3907,3717,2312
5448,5448,3995,4055,2288
5494,5494,3864,3781,2075
5568,5568,3913,3850,2088
5589,5589,3884,3972,2230
5500,5500,3722,3978,2158
5678,5678,3772,3865,2095
5460,5460,4185,3776,2083
5470,5470,3788,3832,2063
5634,5634,3815,3820,2093
5615,5615,3788,4182,2342
5467,5467,3868,3743,2119
5501,5501,3691,3893,2161
5453,5453,4193,3768,2024
5531,5531,3862,3787,2074
5763,5763,3926,3919,2185
5470,5470,3880,3772,2054
5567,5567,3798,3807,2040
5457,5457,3748,3789,2067
5489,5489,4183,3748,2082
5675,5675,2795,4905,3133
5526,5526,3738,4063,2284
5494,5494,3835,3852,2073
5525,5525,3828,4032,2233
5592,5592,3747,4263,2485
5727,5727,4268,3823,2145
5798,5798,3880,4039,2193
5483,5483,3849,3862,2112
5468,5468,3821,3801,2049
5533,5533,3814,3906,2132
5454,5454,3804,3767,2028
5468,5468,3861,3907,2172
5544,5544,3801,3765,2200
5490,5490,3927,3828,2067
5527,5527,3753,3999,2270
5688,5688,4174,3853,2034
5479,5479,3811,3870,2112
5739,5739,3664,4041,2297
5499,5499,3755,4147,2406
5469,5469,3805,3818,2044
5507,5507,3810,3736,1982
5532,5532,4186,3909,2193
5660,5660,3773,3915,2022
5596,5596,3902,3883,2076
5519,5519,3805,3776,2051
5488,5488,3794,3874,2147
5611,5611,3878,3771,2191
5461,5461,4268,3981,2240
5567,5567,3890,3836,2128
5547,5547,3730,3902,2161
5735,5735,3697,3871,2141
5732,5732,3784,3832,1966
5503,5503,3933,4165,2443
5554,5554,3785,4624,2689
5518,5518,3807,3841,2116
5481,5481,4138,3791,2150
5470,5470,3811,3806,2040
5454,5454,3778,3774,2011
5623,5623,3774,4182,2311
5519,5519,3856,3845,2107
5604,5604,3783,3779,1918
5494,5494,4189,3833,2085
5465,5465,3648,3962,2247
5470,5470,3856,3959,2251
5482,5482,3788,3736,2064
5489,5489,3810,3836,2118
5642,5642,3769,3825,2068
5654,5654,4262,3827,1922
5472,5472,3843,3961,2228
5587,5587,3714,3959,2157
5965,5965,3771,3820,1925
5631,5631,3766,4023,2254
5509,5509,3725,4153,2415
5542,5542,4238,3891,2164
5727,5727,3770,3854,1995
5543,5543,3734,4037,2197
5582,5582,3901,3780,2196
5471,5471,3841,3920,2267
5919,5919,4136,3774,2040
5561,5561,4571,3820,2228
5547,5547,3936,3726,2094
5674,5674,3770,3866,2109
5532,5532,3794,3839,2124
5496,5496,3804,3782,2126
5483,5483,3928,3660,2243
5557,5557,4186,3824,2125
5461,5461,3942,3983,2380
5934,5934,3791,3836,2097
5500,5500,3812,3803,2110
5712,5712,3795,3888,2218
5708,5708,3798,3898,1953
5613,5613,4171,3892,1976
5512,5512,3952,3657,2083
5537,5537,3814,3806,2057
5484,5484,4129,3826,2109
5546,5546,3904,3850,2176
5489,5489,3880,3618,2073
5528,5528,4305,3857,2127
5477,5477,3734,3787,2025
5480,5480,3841,3938,2188
5457,5457,3843,4264,2569
5562,5562,3862,3858,2144
5491,5491,3913,3720,2081
5450,5450,4208,3983,2210
5524,5524,3913,3769,2041
5458,5458,3801,3781,2118
5626,5626,3820,3899,2120
5560,5560,3757,3814,2061
5495,5495,4051,3902,2118
5526,5526,4237,3735,2169
5579,5579,3851,3831,2101
5626,5626,3826,4009,2215
5501,5501,3761,3769,2096
5536,5536,3798,3912,2109
5692,5692,3841,3763,2401
5510,5510,4374,3863,2122
5525,5525,3826,3782,2206
5476,5476,3695,3878,2200
5536,5536,4202,3733,2703
5612,5612,4195,3828,2176
5501,5501,3773,3810,2077
5527,5527,4817,3761,2191
5657,5657,3789,3866,1951
5495,5495,3733,3836,2156
5661,5661,3779,3748,1975
5491,5491,3840,3860,2074
5470,5470,3842,3779,2035
5519,5519,4260,3920,2194
5513,5513,4226,4134,2463
5527,5527,4273,3842,2054
5594,5594,3692,3868,2130
5474,5474,4217,3836,2204
5586,5586,3822,3893,2166
5489,5489,3720,3894,2235
5437,5437,3676,3910,2194
5480,5480,4189,3818,2099
5460,5460,3823,3766,2042
5446,5446,3759,3802,2061
5573,5573,3791,4163,2274
5446,5446,3990,3857,2159
5771,5771,4226,3829,1964
5506,5506,4584,3854,2081
5530,5530,4299,3758,2020
5519,5519,3815,3951,2169
5483,5483,3874,3706,2128
5532,5532,3766,3881,2130
5515,5515,3772,3875,2120
5491,5491,4276,3890,2159
5515,5515,3920,3992,2280
5529,5529,3701,3880,2285
5579,5579,3709,3835,2158
5484,5484,3814,3848,2105
5488,5488,3818,4146,2426
5479,5479,4433,3866,2292
5572,5572,3819,3845,2055
5434,5434,3974,3778,2270
5435,5435,3820,3731,1985
5573,5573,3855,3791,2067
5549,5549,3635,4000,2281
5499,5499,3766,3941,2215
5498,5498,3855,3727,2093
5490,5490,3859,3843,2107
5463,5463,3903,3767,2127
5489,5489,4146,3994,2203
5505,5505,3831,3898,2140
5486,5486,4484,3886,2204
5499,5499,3809,4128,2387
5496,5496,3964,3896,2138
5434,5434,3864,3835,2242
5519,5519,4259,4011,2248
5627,5627,3833,4025,2147
5445,5445,3783,4026,2217
5403,5403,3938,3781,2158
5537,5537,3745,3825,2063
5586,5586,3877,3758,2120
5695,5695,4239,3854,2203
5603,5603,4025,3563,2134
5569,5569,3764,3806,2062
5480,5480,3758,3790,2087
5505,5505,3803,3796,2153
5486,5486,3840,4211,2482
5493,5493,3714,4321,2553
5424,5424,3790,3807,2083
5498,5498,3988,4007,2262
5487,5487,3841,3855,2079
5683,5683,3742,3876,2079
5669,5669,3860,4139,2307
5471,5471,3951,3994,2266
5551,5551,3842,3904,2149
5644,5644,4237,3823,2090
5456,5456,3676,4016,2297
5632,5632,3847,3936,2201
5485,5485,3885,3734,2164
5625,5625,3806,3821,2048
5608,5608,3902,3754,2021
5460,5460,4144,3850,2079
5541,5541,3786,3861,2140
5446,5446,3798,3916,2186
5523,5523,3807,3877,2130
5541,5541,3799,4009,2214
5460,5460,3814,4134,2417
5529,5529,4216,3738,2115
5583,5583,3814,3946,2085
5550,5550,3817,3764,2026
5590,5590,3858,3734,2029
5584,5584,3773,3848,2104
5695,5695,3956,3739,2079
5616,5616,3897,3855,2113
5547,5547,3912,3785,2145
5581,5581,3767,3856,2105
5520,5520,3785,3753,2104
5517,5517,3777,3905,2144
5474,5474,3775,3864,2157
5475,5475,3730,3954,2187
5541,5541,3797,4171,2417
5541,5541,3958,3884,2097
5480,5480,3800,3752,2047
5465,5465,4191,3874,2134
5628,5628,4646,3126,2413
5518,5518,3786,3811,2102
5497,5497,3841,3855,2096
5584,5584,3870,3828,2145
5515,5515,3903,3805,2074
5532,5532,4402,3884,2144
5580,5580,3877,3828,2157
5565,5565,3911,3774,2162
5508,5508,3749,3812,2060
5515,5515,3811,3854,2101
5936,5936,3799,4253,2493
5450,5450,4302,3979,2214
5634,5634,3811,3906,2133
5638,5638,4145,3836,1953
5459,5459,3849,3745,2113
5487,5487,3828,3761,2021
5612,5612,3552,4075,2188
5455,5455,3913,3852,2053
5608,5608,3634,4060,2276
5760,5760,4220,3833,2090
5379,5379,3881,3797,2096
5464,5464,3883,3817,2113
5578,5578,3899,3739,2156
5529,5529,4211,3780,1973
5451,5451,3541,4145,2418
5471,5471,4534,3802,2083
5504,5504,3757,3805,2153
6397,6397,3864,3993,2219
5512,5512,3849,3892,2195
5471,5471,3848,3872,2135
5564,5564,3785,3930,2224
5429,5429,4188,3975,2253
5578,5578,3685,3970,2044
5559,5559,3789,3860,2131
5480,5480,4184,3811,2100
5616,5616,4072,3811,2148
5499,5499,3648,4046,2279
5520,5520,4192,4025,2279
5538,5538,3800,3997,2316
5583,5583,4148,3997,2249
5465,5465,3859,3787,2060
5606,5606,3932,3743,2056
5584,5584,3729,3800,2169
5507,5507,3766,3970,2230
5588,5588,3714,3781,2039
5604,5604,4194,3908,2151
5446,5446,3936,3868,2110
5432,5432,3745,3811,2060
5722,5722,3801,3854,2229
5504,5504,3851,3895,2056
5459,5459,3680,4183,2453
5489,5489,4256,3897,2157
5495,5495,3904,3887,2166
5559,5559,3833,3936,2179
5556,5556,3809,3754,2092
5625,5625,3799,3860,2173
5519,5519,3768,3777,2032
5554,5554,4375,3755,2120
5543,5543,3838,3855,2138
5589,5589,3800,4001,2271
5483,5483,3827,3799,2086
5446,5446,3818,3854,2120
5437,5437,3828,4108,2378
5477,5477,4181,3858,2099
5584,5584,3806,3924,2045
5521,5521,3782,3772,2181
5455,5455,3805,3849,2099
5465,5465,3831,3831,2108
5469,5469,3860,3872,2093
5474,5474,3836,3905,2164
5560,5560,3849,3721,2193
5452,5452,3794,3800,2056
5656,5656,3754,3883,2126
5470,5470,4172,3940,2161
5563,5563,3915,3870,2170
5513,5513,3876,3919,2213
5535,5535,3841,4149,2468
5471,5471,3757,3844,2066
5593,5593,3723,3801,2059
5547,5547,4248,3880,2134
5746,5746,2861,4852,3004
5524,5524,3759,3815,2074
5536,5536,3754,3807,2080
5677,5677,3804,3919,2199
5637,5637,3838,3747,2032
5442,5442,4269,3849,2257
5529,5529,3841,3724,2055
5514,5514,3775,4115,2376
5600,5600,3845,3816,2094
5448,5448,3725,3868,2071
5439,5439,3734,3779,2347
5484,5484,3738,4347,2591
5420,5420,3825,3769,1989
5510,5510,4293,3777,2152
5463,5463,3770,3827,2127
5476,5476,3810,3790,2214
5591,5591,4010,4203,2296
5455,5455,3809,3926,2204
5462,5462,3868,3784,2043
5515,5515,4165,3815,2141
5467,5467,3864,3738,2326
5632,5632,3868,3916,2257
5470,5470,3848,3743,2067
5512,5512,3867,3824,2203
5500,5500,3870,3850,2176
5482,5482,4591,3865,2109
5552,5552,3501,4131,2403
5572,5572,3694,3916,2176
5488,5488,3784,3748,2037
5474,5474,3869,3816,2045
5498,5498,3931,4137,2435
5464,5464,4175,3863,2094
5634,5634,3750,4065,2195
5452,5452,3803,3806,2078
5531,5531,3846,3769,2039
5536,5536,3815,3886,2114
5602,5602,3931,3832,2147
5553,5553,3858,3950,2229
5491,5491,3904,3712,2029
5587,5587,3795,3796,2148
5479,5479,3766,3778,2153
5480,5480,3752,3939,2151
5681,5681,3804,3783,2225
5530,5530,3786,3973,2190
5621,5621,3795,3750,2271
5490,5490,3930,3848,2075
5446,5446,4126,3622,2114
5696,5696,4275,3869,2025
5712,5712,3882,3814,2047
5505,5505,3931,3789,2047
5612,5612,3798,3891,2155
5492,5492,3851,3868,2097
5567,5567,3708,3863,2152
5438,5438,4246,3968,2200
5676,5676,3902,3817,2099
5546,5546,3925,3647,2101
5453,5453,3882,3705,2102
5501,5501,3830,3844,2062
5503,5503,3782,4213,2484
5519,5519,4675,3399,2260
5572,5572,3833,3895,2040
5576,5576,3869,3784,2066
5602,5602,3882,3813,2173
5599,5599,3849,3940,2187
5794,5794,3751,3967,2045
5524,5524,3788,3907,2146
5483,5483,3779,3847,2280
5499,5499,4690,3923,2135
5558,5558,3975,3818,2024
5487,5487,3834,3931,2221
5561,5561,3712,3847,2204
5494,5494,3807,3885,2097
5531,5531,3784,4274,2493
5526,5526,4182,3919,2105
5604,5604,3838,3755,2137
5455,5455,3897,3831,2231
5463,5463,3850,3877,2117
5535,5535,3874,3867,2114
5458,5458,3837,3734,2035
5585,5585,4245,3839,2110
5776,5776,3839,3901,1838
5500,5500,3756,3801,2067
5591,5591,3828,3850,2113
5530,5530,3810,3860,2119
5458,5458,3876,3784,2037
5431,5431,4345,3923,2159
5479,5479,3833,4102,2398
5492,5492,4215,3774,2044
5441,5441,3814,3828,2107
5505,5505,4219,3831,2065
5554,5554,3794,3876,2121
5480,5480,3761,3907,2121
5504,5504,3613,4031,2366
5502,5502,3943,4025,2309
5436,5436,3839,3740,2107
5482,5482,3748,3809,2076
6014,6014,3768,4201,2302
5999,5999,3763,3939,2162
5445,5445,3797,3798,2040
5493,5493,4215,3802,2042
5462,5462,3848,3733,2108
5461,5461,3887,3891,2229
5517,5517,3802,3736,2047
5557,5557,4225,3828,2075
5431,5431,3783,3829,2089
5468,5468,4195,3814,2046
5583,5583,3780,3932,2161
5571,5571,3773,3909,2078
5463,5463,3888,3769,2035
5454,5454,3757,3850,2083
5539,5539,3819,4096,2372
5518,5518,4164,3836,2078
5583,5583,3766,3816,1964
5492,5492,3779,3842,2075
5544,5544,3790,3751,2161
5511,5511,4210,3899,2114
5446,5446,3881,3769,2022
5674,5674,3864,3873,1943
5489,5489,3874,3744,2067
5564,5564,3859,3848,2162
5487,5487,3574,4200,2449
5503,5503,4263,3776,2043
5546,5546,3902,3870,2144
5468,5468,3663,3936,2168
5436,5436,3832,3831,2288
5490,5490,3829,3825,2082
5554,5554,3776,3841,2113
5501,5501,4181,3817,2142
5649,5649,3751,3930,1998
5498,5498,3801,3834,2109
5497,5497,3786,3853,2087
5480,5480,3823,3815,2083
5492,5492,3870,3798,2125
5519,5519,4211,3933,2177
5526,5526,3770,3769,2075
5482,5482,3751,3795,2056
5727,5727,3814,3845,2129
5451,5451,3762,3762,1994
5532,5532,3782,4158,2396
7238,7238,4267,4400,2602
5437,5437,3769,3859,2099
5473,5473,4349,3807,2149
5454,5454,3777,3843,2104
5578,5578,3857,3703,2078
5671,5671,4449,4208,2294
5471,5471,4204,3816,2036
5489,5489,3848,3796,2133
5500,5500,3938,4113,2344
5461,5461,3692,3947,2247
5488,5488,3902,3906,2177
5501,5501,3925,3765,2080
5497,5497,3799,3886,2109
5507,5507,3924,3768,2130
5547,5547,4349,3769,2155
5535,5535,3817,3910,2117
5536,5536,3780,3865,2163
5626,5626,3774,3843,2109
5477,5477,3843,3820,2072
5526,5526,3886,3730,2287
5457,5457,4171,4360,2621
5635,5635,3790,3966,2089
5512,5512,3768,3842,2108
5468,5468,3750,3878,2135
5469,5469,3849,3852,2115
5616,5616,3955,3740,2013
5554,5554,3853,3949,2199
5520,5520,3934,3674,2047
5521,5521,3848,3787,2041
5506,5506,3808,3800,2072
5567,5567,3778,3781,2044
5640,5640,3776,3849,2090
5515,5515,3777,3877,2093
